0 0.779296875 0.628103915625 0.779296875 0.6193192468750001 0.7744140625 0.6149269109375 0.7734375 0.628103915625 0.779296875 0.628103915625
0 0.236328125 0.29428645000000003 0.234375 0.276717109375 0.2236328125 0.26061188125 0.220703125 0.279645334375 0.236328125 0.29428645000000003
0 0.154296875 0.5139032046875001 0.158203125 0.5139032046875001 0.1630859375 0.45680284843749996 0.158203125 0.461195184375 0.154296875 0.481692746875 0.154296875 0.5139032046875001
0 0.12890625 0.3997024921875 0.1318359375 0.3367456890625 0.125 0.3440662484375 0.125 0.3997024921875 0.12890625 0.3997024921875
0 0.1494140625 0.527080209375 0.146484375 0.5490418859374999 0.13671875 0.5666112265625001 0.140625 0.5695394484375 0.1474609375 0.5680753375 0.1640625 0.5402572140624999 0.1533203125 0.5417213265624999 0.1494140625 0.527080209375
0 0.37890625 0.5871087890625 0.37890625 0.616391021875 0.3818359375 0.62371158125 0.390625 0.62224746875 0.392578125 0.6046781296875 0.388671875 0.5900370140625 0.3818359375 0.5827164546875 0.37890625 0.5871087890625
0 0.166015625 0.51097498125 0.166015625 0.5168314265625 0.171875 0.5197596515625 0.18359375 0.484620971875 0.1875 0.461195184375 0.1845703125 0.453874625 0.166015625 0.51097498125
0 0.041015625 0.5344007671875 0.037109375 0.5636830015625 0.046875 0.5666112265625001 0.046875 0.5373289921875 0.0546875 0.5256160984375 0.0615234375 0.48608508281249996 0.041015625 0.5344007671875
0 0.4326171875 0.21668853124999998 0.423828125 0.23572198125 0.423828125 0.2503631 0.41015625 0.288430003125 0.412109375 0.30892756875 0.408203125 0.3206404625 0.416015625 0.3206404625 0.419921875 0.3177122375 0.41796875 0.288430003125 0.435546875 0.2240090890625 0.4326171875 0.21668853124999998
0 0.333984375 0.21815264218750002 0.3310546875 0.2254732015625 0.3212890625 0.21668853124999998 0.318359375 0.22108086718750003 0.3359375 0.25914776875 0.341796875 0.2035115265625 0.3349609375 0.1610522859375 0.33203125 0.1713010671875 0.333984375 0.21815264218750002
0 0.365234375 0.24450665312500003 0.36328125 0.265004215625 0.3525390625 0.289894115625 0.3359375 0.276717109375 0.34375 0.311855790625 0.3486328125 0.31917635 0.353515625 0.3177122375 0.357421875 0.288430003125 0.375 0.247434875 0.3779296875 0.2196167546875 0.365234375 0.24450665312500003
0 0.384765625 0.41141538593750004 0.3828125 0.3674920359375 0.396484375 0.3352815765625 0.388671875 0.3352815765625 0.3779296875 0.3660279234375 0.3544921875 0.32796101875 0.353515625 0.3352815765625 0.373046875 0.3938460453125 0.37109375 0.46705163125000004 0.375 0.469979853125 0.375 0.4553387375 0.380859375 0.44069761874999996 0.37890625 0.426056503125 0.384765625 0.41141538593750004
0 0.1630859375 0.5944293484375 0.17578125 0.5871087890625 0 0.5900370140625 0.0009765625 0.6002857953125 0.044921875 0.6017499078124999 0.0888671875 0.5944293484375 0.1357421875 0.6002857953125 0.1416015625 0.5944293484375 0.1630859375 0.5944293484375
0 0.349609375 0.69545305625 0.3515625 0.6837401625 0.3486328125 0.6793478265624999 0.3427734375 0.6910607203125 0.3291015625 0.6852042734375 0.326171875 0.6778837156249999 0.328125 0.65738615 0.3154296875 0.652993815625 0.3125 0.663242596875 0.322265625 0.674955490625 0.3203125 0.6837401625 0.314453125 0.686668384375 0.3115234375 0.664706709375 0.3017578125 0.6676349328125 0.291015625 0.6983812781250001 0.3134765625 0.7115582828125 0.328125 0.7100941703125 0.3466796875 0.6998453890625 0.3544921875 0.7027736124999999 0.35546875 0.6983812781250001 0.349609375 0.69545305625
0 0.4072265625 0.550505996875 0.4306640625 0.550505996875 0.46484375 0.5344007671875 0.4599609375 0.527080209375 0.4462890625 0.527080209375 0.4423828125 0.5212237625 0.4267578125 0.5241519859375 0.4208984375 0.515367315625 0.396484375 0.5373289921875 0.4013671875 0.5534342203125 0.3876953125 0.5592906671875 0.3779296875 0.5358648796875001 0.375 0.5607547796875 0.3564453125 0.5680753375 0.3408203125 0.562218890625 0.3330078125 0.5710035609374999 0.2529296875 0.5768600078125 0.251953125 0.5695394484375 0.26171875 0.5578265546875001 0.2509765625 0.55636244375 0.2177734375 0.5680753375 0.1865234375 0.5680753375 0.181640625 0.5753958953125 0.1826171875 0.5827164546875 0.2138671875 0.57978823125 0.306640625 0.5871087890625 0.3525390625 0.5710035609374999 0.3798828125 0.5768600078125 0.4033203125 0.562218890625 0.4072265625 0.550505996875