1 0.413925 0.1007421875 0.407346875 0.101803125 0.3980265625 0.1108171875 0.3969296875 0.1214203125 0.40186406249999995 0.1155890625 0.4155703125 0.12248125000000001 0.4133765625 0.12672343749999998 0.4177625 0.1479328125 0.4232453125 0.15323437499999998 0.4243421875 0.1765640625 0.43969375 0.205196875 0.43530625 0.22004218749999999 0.4555921875 0.220571875 0.42214843750000003 0.130965625 0.418859375 0.1076359375 0.413925 0.1007421875
1 0.5466015625 0.4453875 0.540021875 0.4559921875 0.532346875 0.45281093749999995 0.528509375 0.4554609375 0.59155625 0.49204687500000005 0.614034375 0.49151718750000006 0.612390625 0.4835625 0.6069078125 0.48674375000000003 0.59978125 0.4830328125 0.5975875 0.4734890625 0.6003296875 0.46765625 0.6167765625 0.46765625 0.601425 0.4655359375 0.5663375 0.446446875 0.5466015625 0.4453875
1 0.39089843750000003 0.3849421875 0.389803125 0.3807 0.38103125000000004 0.3817609375 0.375 0.3875921875 0.37280625 0.3939546875 0.37719375 0.404559375 0.3854171875 0.4008484375 0.3870609375 0.4035 0.38870625 0.4220578125 0.4281796875 0.43160156250000004 0.4369515625 0.42947968750000004 0.4375 0.41198281249999996 0.4281796875 0.4040296875 0.39089843750000003 0.3849421875
1 0.182565625 0.0509015625 0.172696875 0.0509015625 0.1628296875 0.0392359375 0.1430921875 0.0349953125 0.1343203125 0.027571875000000003 0.11677656249999999 0.027571875000000003 0.0932015625 0.0397671875 0.09375 0.043478125 0.12225937499999999 0.0392359375 0.14857499999999998 0.043478125 0.1507671875 0.04878125 0.17598750000000002 0.058325 0.1913375 0.07423125 0.19901249999999998 0.0731703125 0.21875 0.09013750000000001 0.2582234375 0.11240781250000001 0.262609375 0.111346875 0.2615125 0.1007421875 0.2220390625 0.0816546875 0.182565625 0.0509015625
1 0.227521875 0.26935312499999997 0.207784375 0.2704140625 0.20010937499999998 0.275715625 0.19736875 0.274125 0.20065781249999998 0.2698828125 0.1957234375 0.2735953125 0.1913375 0.2651109375 0.1869515625 0.275715625 0.1809203125 0.2751859375 0.186403125 0.27094375 0.17982499999999998 0.25927812499999997 0.18530625 0.2550375 0.1792765625 0.250265625 0.1732453125 0.2539765625 0.178728125 0.2624609375 0.171053125 0.2667015625 0.176534375 0.2783671875 0.167215625 0.278896875 0.1655703125 0.274125 0.16995625 0.2698828125 0.1567984375 0.25821875 0.16776249999999998 0.2550375 0.153509375 0.24867499999999998 0.1480265625 0.2317078125 0.1546046875 0.1850484375 0.153509375 0.1574765625 0.1705046875 0.1484625 0.2461625 0.201484375 0.25219375 0.19989375 0.2532890625 0.19353125 0.2395828125 0.17709375 0.2154609375 0.16755 0.20559218750000002 0.15376406250000002 0.1792765625 0.133615625 0.1595390625 0.130434375 0.15021875 0.1330859375 0.135965625 0.1574765625 0.13706093749999998 0.1839875 0.1315796875 0.2168609375 0.13486875 0.256096875 0.1282890625 0.25927812499999997 0.13486875 0.2667015625 0.133771875 0.2720046875 0.14254375 0.279428125 0.15021875 0.304878125 0.145284375 0.3743375 0.1644734375 0.3430546875 0.1666671875 0.3006359375 0.207784375 0.296925 0.21217031249999999 0.28950156250000003 0.2242328125 0.28738125000000003 0.2269734375 0.2783671875 0.23629375000000002 0.2704140625 0.2593203125 0.2587484375 0.2669953125 0.24390312500000003 0.264803125 0.2386 0.23848750000000002 0.2640515625 0.227521875 0.26935312499999997
1 0.3009875 0.1187703125 0.276315625 0.1129375 0.28782968750000004 0.12407187500000001 0.29660156249999997 0.12407187500000001 0.315240625 0.1442203125 0.336075 0.1569453125 0.3519734375 0.1765640625 0.3530703125 0.1850484375 0.33388125 0.20890781249999998 0.3163375 0.2184515625 0.2993421875 0.23700937500000002 0.2807015625 0.27730625 0.2620609375 0.3027578125 0.24396874999999998 0.3138921875 0.21217031249999999 0.3478265625 0.20449531250000003 0.3478265625 0.19736875 0.3621421875 0.1831140625 0.372746875 0.1831140625 0.3801703125 0.1743421875 0.3897140625 0.17543906250000002 0.39713750000000003 0.16995625 0.40137812500000003 0.176534375 0.404559375 0.17763125 0.4204671875 0.165021875 0.42417812499999996 0.1600875 0.4310703125 0.1644734375 0.4650046875 0.21162343749999998 0.5190875 0.22478125000000002 0.5466593750000001 0.2291671875 0.5731703125000001 0.2291671875 0.5996812499999999 0.2231359375 0.6267234375 0.209978125 0.630965625 0.1694078125 0.6235421875 0.1644734375 0.6283140625 0.19353125 0.6383875 0.227521875 0.6638390625 0.23245624999999998 0.6601265625 0.24232499999999998 0.624071875 0.24232499999999998 0.556203125 0.223684375 0.5074234375 0.20449531250000003 0.48568437500000006 0.17543906250000002 0.4671265625 0.16885937499999998 0.45121874999999995 0.171053125 0.44061562500000007 0.182565625 0.42311718750000005 0.21217031249999999 0.40721093750000004 0.2604171875 0.3944859375 0.3020828125 0.39024375 0.313596875 0.38122968749999997 0.3267546875 0.35471875 0.331140625 0.330328125 0.325109375 0.3266171875 0.3157890625 0.3579 0.3031796875 0.3743375 0.288925 0.38388125 0.26370625 0.3913046875 0.23739062500000002 0.3913046875 0.227521875 0.39660625 0.1929828125 0.388653125 0.196271875 0.37380625 0.2280703125 0.3409328125 0.2417765625 0.3297984375 0.2571265625 0.3266171875 0.2894734375 0.2942734375 0.3092109375 0.25185625 0.32620625 0.22905625000000002 0.34155625 0.2152703125 0.3634875 0.20360625 0.366228125 0.2136796875 0.348684375 0.24337187500000002 0.3492328125 0.24814375000000002 0.3580046875 0.250265625 0.3717109375 0.23700937500000002 0.38103125000000004 0.20996874999999998 0.3804828125 0.181865625 0.360196875 0.16118749999999998 0.3009875 0.1187703125
1 0.44133750000000005 0.820784375 0.40844375 0.8048781249999999 0.3930921875 0.801696875 0.323465625 0.7417812500000001 0.3399125 0.717390625 0.3475875 0.6654296875 0.33004375 0.6230109374999999 0.331140625 0.5858953125 0.32236875 0.5466593750000001 0.323465625 0.51590625 0.327303125 0.510075 0.336075 0.507953125 0.3744515625 0.5111343749999999 0.39638125 0.5068921875 0.4057015625 0.49575781250000006 0.40899062500000005 0.47773125 0.40241249999999995 0.46394531250000004 0.389803125 0.4538703125 0.3892546875 0.46394531250000004 0.3969296875 0.47773125 0.3919953125 0.4931078125 0.372259375 0.4994703125 0.3569078125 0.4994703125 0.34155625 0.49204687500000005 0.3240125 0.49204687500000005 0.3092109375 0.5021203125 0.3070171875 0.553021875 0.311403125 0.6314953125 0.313596875 0.6442203125 0.328946875 0.6728531249999999 0.328946875 0.682396875 0.31469375 0.720571875 0.2905703125 0.7523859374999999 0.27521874999999996 0.7990453125 0.257675 0.8223750000000001 0.24396874999999998 0.82926875 0.22478125000000002 0.8117703125 0.20394687500000003 0.7693531250000001 0.1628296875 0.7221640625 0.13486875 0.72269375 0.1419953125 0.7232234375 0.1600875 0.7364796874999999 0.1918859375 0.778896875 0.21162343749999998 0.8202546875 0.22861875 0.8388125000000001 0.2494515625 0.8494171875 0.2620609375 0.8425234375 0.28728125000000004 0.8117703125 0.3053734375 0.7667015625 0.33388125 0.78366875 0.3667765625 0.8112406249999999 0.38486875 0.8404031249999999 0.4292765625 0.8833515625 0.4457234375 0.8844109375 0.4566890625 0.8780484375000001 0.46491249999999995 0.862671875 0.46491249999999995 0.8541890625 0.476425 0.8388125000000001 0.4758765625 0.8329796875 0.46436406249999995 0.82290625 0.44133750000000005 0.820784375
1 0.5394734375 0.22004218749999999 0.5482453125 0.208378125 0.543859375 0.20307499999999998 0.5482453125 0.1924703125 0.543859375 0.1882296875 0.5356359375 0.1474015625 0.5307015625 0.15323437499999998 0.5274125 0.23807031250000002 0.5383765625 0.2656421875 0.536184375 0.28366875 0.5246703125 0.29374375 0.4479171875 0.3085890625 0.4375 0.319725 0.429825 0.3388125 0.4380484375 0.3414640625 0.4566890625 0.3170734375 0.4884875 0.3160125 0.4983546875 0.3107109375 0.5038375 0.3138921875 0.512609375 0.3085890625 0.5356359375 0.30646874999999996 0.55263125 0.29639375 0.557565625 0.2799578125 0.553728125 0.25821875 0.5394734375 0.2359484375 0.5394734375 0.22004218749999999
1 0.690240625 0.15164375000000002 0.66611875 0.1749734375 0.6606359375 0.17603437500000002 0.6578953125 0.1649 0.651315625 0.1649 0.6546046875 0.17444375 0.65021875 0.1988328125 0.6206140625 0.2327671875 0.5942984375 0.317603125 0.5783984375 0.337221875 0.5542765625 0.34040312500000003 0.5279609375 0.337221875 0.523575 0.34040312500000003 0.520284375 0.3361609375 0.481359375 0.33245 0.485196875 0.3393421875 0.4994515625 0.346765625 0.520284375 0.3478265625 0.523575 0.343584375 0.5367328125 0.3478265625 0.540021875 0.3446453125 0.5608546875 0.3552484375 0.58388125 0.353128125 0.6019734375 0.3388125 0.5975875 0.35471875 0.586075 0.36479374999999997 0.5641453125 0.37751875 0.547696875 0.3796390625 0.5115125 0.395546875 0.4983546875 0.395546875 0.4895828125 0.405090625 0.502740625 0.4103921875 0.514803125 0.40933125 0.54879375 0.3923640625 0.59978125 0.382290625 0.623903125 0.3345703125 0.62280625 0.29003125 0.6392546875 0.2444328125 0.6628296875 0.2152703125 0.6820171875 0.208378125 0.6732453125 0.20413593749999998 0.678728125 0.20095468749999998 0.6743421875 0.1967125 0.679825 0.19353125 0.67763125 0.18080625 0.68146875 0.17709375 0.6957234375 0.17815468750000002 0.6995609375 0.1861078125 0.6995609375 0.21261875 0.688596875 0.2136796875 0.6929828125 0.22004218749999999 0.6677625 0.24337187500000002 0.66228125 0.28685 0.6578953125 0.2932125 0.66228125 0.3133609375 0.6600875 0.34199375 0.6633765625 0.3621421875 0.6600875 0.37380625 0.6633765625 0.3780484375 0.65021875 0.4088015625 0.66228125 0.4035 0.668859375 0.3928953125 0.6644734375 0.38122968749999997 0.668859375 0.375928125 0.6644734375 0.372746875 0.66995625 0.366384375 0.676534375 0.3409328125 0.6754390625 0.298515625 0.6831140625 0.2698828125 0.679825 0.25185625 0.7302625 0.2094375 0.7182015625 0.1967125 0.7182015625 0.1712625 0.7291671875 0.1542953125 0.7291671875 0.14156875 0.7384875 0.1378578125 0.7330046875 0.11240781250000001 0.717653125 0.143159375 0.690240625 0.15164375000000002
1 0.438596875 0.1839875 0.43530625 0.1585359375 0.421053125 0.12248125000000001 0.418859375 0.09385 0.41282968750000004 0.0943796875 0.40350937499999995 0.1023328125 0.40131562499999995 0.1108171875 0.4057015625 0.12036093750000001 0.4177625 0.1299046875 0.4243421875 0.169140625 0.4375 0.1945921875 0.4391453125 0.2248140625 0.45120625 0.225875 0.4671046875 0.2158 0.47203906250000005 0.1908796875 0.47094375 0.17815468750000002 0.45339843750000003 0.20360625 0.438596875 0.1839875
1 0.1118421875 0.48515312499999996 0.10635937499999999 0.459703125 0.10745625 0.4395546875 0.0981359375 0.439025 0.09758750000000001 0.481971875 0.108553125 0.487275 0.1107453125 0.49681875 0.1282890625 0.51590625 0.1315796875 0.537115625 0.1244515625 0.5429484375 0.10142500000000002 0.5471890625 0.082784375 0.5429484375 0.0630484375 0.53234375 0.03344375 0.5334046875 0.0043859375 0.5699890625 0 0.592259375 0.0049343749999999995 0.5949093750000001 0.009868749999999999 0.5911984375 0.0328953125 0.5509015625 0.0455046875 0.5440078125000001 0.13212656250000002 0.559915625 0.1392546875 0.5551437499999999 0.14418906250000002 0.5429484375 0.14254375 0.5180281250000001 0.13267500000000002 0.511665625 0.1118421875 0.48515312499999996
1 0.2083328125 0.1574765625 0.1957234375 0.15376406250000002 0.190240625 0.1410390625 0.1628296875 0.13255625 0.15844375 0.12407187500000001 0.14364062500000002 0.140509375 0.135965625 0.156415625 0.1381578125 0.1829265625 0.1315796875 0.2317078125 0.135965625 0.2550375 0.1293859375 0.25715781249999997 0.1293859375 0.26458125 0.14473750000000002 0.2677625 0.14473750000000002 0.28685 0.1507671875 0.297984375 0.161184375 0.29533437500000004 0.1578953125 0.2667015625 0.14473750000000002 0.233828125 0.151315625 0.1574765625 0.165021875 0.1484625 0.1716015625 0.1484625 0.1891453125 0.1569453125 0.1979171875 0.169671875 0.20888125 0.172853125 0.2231359375 0.18451718749999999 0.22642500000000002 0.18133593750000002 0.2269734375 0.1733828125 0.21217031249999999 0.169671875 0.2083328125 0.1574765625
1 0.053728125 0.323965625 0.046053125 0.292153125 0.0230265625 0.2720046875 0.029604687499999997 0.2698828125 0.032346875000000004 0.262990625 0.0005484375 0.2608703125 0 0.279428125 0.02905625 0.296925 0.0383765625 0.30805937499999997 0.036184375000000005 0.36532343749999996 0.0394734375 0.3865328125 0.0246703125 0.405090625 0.00219375 0.4215265625 0 0.4363734375 0.0082234375 0.43584375 0.0378296875 0.41781562499999997 0.041118749999999996 0.4199359375 0.05866249999999999 0.3881234375 0.059210937500000005 0.37698906249999997 0.051534375 0.3579 0.053728125 0.323965625
1 0.6129390625 0.2751859375 0.59978125 0.298515625 0.5942984375 0.323965625 0.5783984375 0.34040312500000003 0.5570171875 0.34623593750000003 0.5696265625 0.3552484375 0.5871703125 0.349946875 0.5970390625 0.3414640625 0.596490625 0.3579 0.58388125 0.36479374999999997 0.5794953125 0.372215625 0.5641453125 0.3785796875 0.502740625 0.395546875 0.502740625 0.40933125 0.5279609375 0.405090625 0.5466015625 0.3913046875 0.598684375 0.382290625 0.61513125 0.3557796875 0.62280625 0.333509375 0.6184203125 0.2942734375 0.6288375 0.2640515625 0.6293859375 0.24867499999999998 0.620065625 0.24920468750000002 0.6129390625 0.2751859375
1 0.20559218750000002 0.48568437500000006 0.176534375 0.4671265625 0.1732453125 0.4459171875 0.17763125 0.4268296875 0.17379375 0.4220578125 0.16228125 0.4331921875 0.16228125 0.4671265625 0.1732453125 0.4734890625 0.1820171875 0.4893953125 0.21162343749999998 0.5190875 0.221490625 0.5360546875 0.2291671875 0.5689296875000001 0.22587656250000002 0.6219515624999999 0.21655625 0.6299046875000001 0.20888125 0.6299046875000001 0.167215625 0.62248125 0.147478125 0.6129374999999999 0.141446875 0.6166484375 0.14857499999999998 0.6235421875 0.1979171875 0.6426296875 0.2242328125 0.6617171875000001 0.23355312499999997 0.654825 0.2417765625 0.6246015625 0.24013125 0.5509015625 0.221490625 0.5042421874999999 0.20559218750000002 0.48568437500000006
1 0 0.007953125 0.008771875 0.0121953125 0 0.01325625 0.001096875 0.0281015625 0.0433109375 0.0604453125 0.0805921875 0.059384375 0.11896875 0.042417187499999995 0.1408984375 0.0455984375 0.1781796875 0.062565625 0.190240625 0.0752921875 0.20339843750000003 0.07847343749999999 0.2143640625 0.09119843749999999 0.22532968750000001 0.09331874999999999 0.245065625 0.10710468749999999 0.262609375 0.10710468749999999 0.2631578125 0.1023328125 0.25603125000000004 0.0965 0.23300468749999997 0.0858953125 0.1628296875 0.0360546875 0.13103125 0.02545 0.11458281249999999 0.024390625 0.075109375 0.042417187499999995 0.05646875 0.042417187499999995 0.03125 0.0296921875 0.015351562499999999 0.0153765625 0.0158984375 0.011665625 0.02905625 0.014846875 0.02905625 0.0074234375 0.01370625 0 0 0.001590625 0 0.007953125
1 0.543859375 0.1733828125 0.5350875 0.1394484375 0.5328953125 0.1108171875 0.51754375 0.07794218750000001 0.5142546875 0.05779375 0.50603125 0.0455984375 0.5016453125 0.0455984375 0.48464843750000003 0.0588546875 0.481359375 0.15111406249999998 0.47149062500000005 0.1733828125 0.47423281250000004 0.1749734375 0.4802625 0.1670203125 0.489034375 0.1383875 0.4994515625 0.062565625 0.50219375 0.07582187500000001 0.516446875 0.09385 0.518640625 0.1214203125 0.5307015625 0.1574765625 0.5317984375 0.1967125 0.5274125 0.20625624999999997 0.5274125 0.2317078125 0.5394734375 0.2762453125 0.53125 0.29374375 0.4555921875 0.30646874999999996 0.438596875 0.3186640625 0.4375 0.3282078125 0.4468203125 0.3266171875 0.457784375 0.3149515625 0.532346875 0.3075296875 0.5493421875 0.29639375 0.5542765625 0.28101875 0.553728125 0.2667015625 0.5394734375 0.2359484375 0.543859375 0.1733828125
1 0.389803125 0.4538703125 0.393640625 0.481971875 0.3854171875 0.495228125 0.3558109375 0.4994703125 0.344846875 0.4941671875 0.3240125 0.4941671875 0.311403125 0.5021203125 0.3081140625 0.56150625 0.3125 0.62619375 0.31469375 0.6410390625 0.331140625 0.6739124999999999 0.331140625 0.6855781249999999 0.31907968750000004 0.7184515625000001 0.2916671875 0.7523859374999999 0.2905703125 0.7651109375 0.2730265625 0.8085890625 0.2538375 0.8282078125 0.2417765625 0.82926875 0.2291671875 0.8191937499999999 0.21271874999999998 0.7958640625 0.20394687500000003 0.7704140625 0.19517500000000002 0.7640515625 0.1918859375 0.7534468750000001 0.1770828125 0.737009375 0.1595390625 0.7221640625 0.13706093749999998 0.72269375 0.1507671875 0.727465625 0.17543906250000002 0.75450625 0.178728125 0.7640515625 0.1907890625 0.775715625 0.21162343749999998 0.8202546875 0.22861875 0.8398734375 0.23848750000000002 0.845175 0.252740625 0.8494171875 0.2730265625 0.8297984375 0.2894734375 0.80646875 0.2982453125 0.7735953125 0.3081140625 0.7619296875 0.3081140625 0.7534468750000001 0.3267546875 0.750265625 0.32236875 0.7428421875 0.32785156249999997 0.7301171875 0.3245609375 0.7216328125 0.332784375 0.7253453125 0.338815625 0.717390625 0.346490625 0.666490625 0.328946875 0.6230109374999999 0.33004375 0.5880171875 0.323465625 0.56150625 0.32236875 0.5190875 0.32839843750000003 0.5111343749999999 0.336075 0.5090140625 0.3744515625 0.5121953125 0.3941890625 0.5090140625 0.4067984375 0.49787968749999995 0.41063593750000005 0.4846234375 0.40899062500000005 0.472428125 0.3991234375 0.4554609375 0.389803125 0.4538703125
1 0.1929828125 0.9697765625000001 0.1918859375 0.96129375 0.1968203125 0.9586421875 0.19901249999999998 0.962884375 0.19956093749999998 0.9591734375 0.1940796875 0.9549312499999999 0.1918859375 0.939025 0.1792765625 0.9395546875 0.17489062500000002 0.93213125 0.1705046875 0.9374343749999999 0.16611875 0.9247078125 0.153509375 0.9220578125 0.1480265625 0.90615 0.1480265625 0.8870625000000001 0.12280625 0.8478265625000001 0.0504390625 0.7735953125 0.049890625 0.7603390625 0.0641453125 0.76458125 0.0882671875 0.7614 0.108553125 0.7375390625 0.0981359375 0.737009375 0.0893640625 0.748675 0.07291718750000001 0.7507953125 0.060854687500000004 0.748675 0.049890625 0.7380703125 0.0367328125 0.75185625 0.0230265625 0.7057265625 0.01370625 0.7009546875 0.0038374999999999998 0.7041359375 0.001096875 0.7184515625000001 0.008771875 0.7322375 0.0043859375 0.7375390625 0.010965625 0.750265625 0.00219375 0.7534468750000001 0.00219375 0.7661718750000001 0.009868749999999999 0.7778359375 0.009868749999999999 0.7948031249999999 0.0493421875 0.827678125 0.0570171875 0.843584375 0.058114062499999994 0.8605515625000001 0.043859375 0.8891828125 0.0383765625 0.9305406250000001 0.059210937500000005 0.9750796875000001 0.058114062499999994 0.9994703125 0.0783984375 1 0.078946875 0.9814421875000001 0.0570171875 0.95175 0.054825 0.9284203124999999 0.086075 0.9225875 0.11677656249999999 0.907740625 0.13103125 0.910921875 0.1343203125 0.9162250000000001 0.13870625 0.8960765625 0.14364062500000002 0.901909375 0.141446875 0.9072109375 0.14912343749999998 0.9135734375 0.14254375 0.9220578125 0.1496703125 0.9310703124999999 0.1557015625 0.9294796875 0.16611875 0.9490984375 0.1705046875 0.943796875 0.1732453125 0.9453875 0.16995625 0.9570515625 0.1940796875 0.9984093749999999 0.22532968750000001 1 0.20559218750000002 0.9713687500000001 0.20010937499999998 0.9671265625000001 0.1929828125 0.9697765625000001
1 0.622259375 0.46765625 0.594846875 0.4602328125 0.56853125 0.4453875 0.532346875 0.439025 0.5071265625 0.42523906250000004 0.49616249999999995 0.40827187499999995 0.45888125 0.411453125 0.4303734375 0.405090625 0.3941890625 0.38388125 0.3804828125 0.388653125 0.3793859375 0.3928953125 0.3870609375 0.40031875 0.38870625 0.42311718750000005 0.46655625 0.44008437499999997 0.47149062500000005 0.4554609375 0.501096875 0.48621406250000004 0.508771875 0.5084828124999999 0.49506562499999995 0.523859375 0.46326718749999996 0.5334046875 0.453946875 0.5455984375 0.4572375 0.5837749999999999 0.453946875 0.6007421875000001 0.438596875 0.6155890625 0.43201718749999996 0.633615625 0.436403125 0.71633125 0.4046046875 0.8032875 0.40186406249999995 0.8069984375000001 0.3919953125 0.8038171875 0.3733546875 0.78685 0.36896874999999996 0.7974546874999999 0.3580046875 0.7974546874999999 0.35361875 0.79003125 0.348684375 0.7926828125000001 0.3793859375 0.8213156250000001 0.38486875 0.8382828124999999 0.358553125 0.8944859375 0.3580046875 0.9088015625000001 0.366228125 0.901909375 0.373903125 0.8785796875 0.385965625 0.8637328125 0.3870609375 0.8425234375 0.39254375 0.8329796875 0.3870609375 0.827678125 0.38870625 0.8133609375 0.4046046875 0.8170734375 0.40241249999999995 0.8404031249999999 0.3919953125 0.8356312499999999 0.391446875 0.8478265625000001 0.4155703125 0.8700953124999999 0.421053125 0.8849421875000001 0.45120625 0.8897140625000001 0.4544953125 0.8844109375 0.46655625 0.8833515625 0.47532968750000004 0.8759281250000001 0.479715625 0.8653234375000001 0.4884875 0.8685046875 0.49671093749999995 0.8647937499999999 0.5 0.859490625 0.4917765625 0.8557796874999999 0.48629375 0.8557796874999999 0.4830046875 0.8621421874999999 0.48245625 0.8531281249999999 0.4884875 0.85471875 0.49506562499999995 0.8472953125 0.50986875 0.843584375 0.516446875 0.830859375 0.508771875 0.827678125 0.50986875 0.824496875 0.5279609375 0.8006359375000001 0.5356359375 0.801696875 0.5504390625 0.788440625 0.56030625 0.7693531250000001 0.5592109375 0.7587484375 0.5668859375 0.7375390625 0.5641453125 0.7348890625 0.553728125 0.7386 0.551534375 0.7651109375 0.547696875 0.7688234375 0.540021875 0.7677625 0.5356359375 0.7200421875 0.5328953125 0.7343578125 0.5230265625 0.7364796874999999 0.51754375 0.782078125 0.510965625 0.7958640625 0.5032890625 0.80010625 0.501096875 0.81283125 0.49451718749999996 0.8170734375 0.4917765625 0.8282078125 0.4830046875 0.833509375 0.461075 0.82290625 0.4555921875 0.8282078125 0.45120625 0.8186640625000001 0.44133750000000005 0.820784375 0.4144734375 0.8075296875 0.42214843750000003 0.785259375 0.43530625 0.7661718750000001 0.438596875 0.7386 0.4517546875 0.7195125 0.4517546875 0.65800625 0.44736875 0.63891875 0.4517546875 0.627253125 0.45888125 0.62248125 0.46326718749999996 0.6246015625 0.4780703125 0.608165625 0.47258750000000005 0.5880171875 0.47368437500000005 0.5752921875 0.4830046875 0.5790031250000001 0.5328953125 0.629375 0.5383765625 0.6378578125 0.538925 0.6617171875000001 0.5482453125 0.6601265625 0.5520828125 0.6479328125 0.56469375 0.6474015625 0.5641453125 0.6426296875 0.5504390625 0.6399781250000001 0.5504390625 0.6314953125 0.5657890625 0.6251328125 0.571271875 0.6124078125 0.5668859375 0.608165625 0.570175 0.5901375 0.5641453125 0.585365625 0.5520828125 0.5874875 0.5433109375 0.5949093750000001 0.52138125 0.5927890625 0.512609375 0.5800640625 0.50219375 0.5774125 0.49725937499999995 0.56415625 0.4868421875 0.56150625 0.48464843750000003 0.5477203125 0.4895828125 0.5408265625 0.4994515625 0.5397671875000001 0.5038375 0.5334046875 0.5279609375 0.53234375 0.5328953125 0.52863125 0.5416671875 0.49575781250000006 0.5356359375 0.48674375000000003 0.520284375 0.4846234375 0.4868421875 0.450159375 0.4857453125 0.443796875 0.49506562499999995 0.439025 0.5871703125 0.49204687500000005 0.6134875 0.495228125 0.62719375 0.5042421874999999 0.6332234375 0.5164375 0.637609375 0.510075 0.6496703125 0.5121953125 0.6529609375 0.5068921875 0.6469296875 0.49151718750000006 0.632675 0.4830328125 0.622259375 0.46765625