1 0.586075 0.8992578124999999 0.592653125 0.898196875 0.6019734375 0.8891828125 0.6030703125 0.8785796875 0.5981359375 0.8844109375 0.5844296875 0.8775187499999999 0.5866234375 0.8732765625000001 0.5822375 0.8520671875 0.5767546875 0.846765625 0.5756578125 0.8234359375 0.56030625 0.7948031249999999 0.56469375 0.7799578125 0.5444078125 0.779428125 0.5778515625 0.869034375 0.581140625 0.8923640625000001 0.586075 0.8992578124999999
1 0.45339843750000003 0.5546125 0.459978125 0.5440078125000001 0.467653125 0.5471890625 0.47149062500000005 0.5445390625 0.40844375 0.507953125 0.385965625 0.5084828124999999 0.387609375 0.5164375 0.3930921875 0.51325625 0.40021874999999996 0.5169671874999999 0.40241249999999995 0.5265109375 0.39967031249999996 0.53234375 0.3832234375 0.53234375 0.398575 0.5344640625 0.43366249999999995 0.553553125 0.45339843750000003 0.5546125
1 0.6091015625 0.6150578125 0.610196875 0.6193 0.61896875 0.6182390625 0.625 0.6124078125 0.62719375 0.6060453125 0.62280625 0.595440625 0.6145828125 0.5991515625 0.6129390625 0.5965 0.61129375 0.5779421874999999 0.5718203125 0.5683984375 0.5630484375 0.5705203125 0.5625 0.5880171875 0.5718203125 0.5959703125 0.6091015625 0.6150578125
1 0.817434375 0.9490984375 0.827303125 0.9490984375 0.8371703125 0.9607640625 0.8569078125 0.9650046874999999 0.8656796874999999 0.9724281250000001 0.8832234375000001 0.9724281250000001 0.9067984375 0.9602328124999999 0.90625 0.956521875 0.877740625 0.9607640625 0.8514250000000001 0.956521875 0.8492328125 0.95121875 0.8240125 0.941675 0.8086625 0.9257687499999999 0.8009875 0.9268296875 0.78125 0.9098625 0.7417765625 0.8875921874999999 0.737390625 0.888653125 0.7384875 0.8992578124999999 0.7779609375 0.9183453125 0.817434375 0.9490984375
1 0.772478125 0.7306468749999999 0.792215625 0.7295859375 0.799890625 0.724284375 0.8026312499999999 0.725875 0.7993421875 0.7301171875 0.8042765624999999 0.7264046875 0.8086625 0.7348890625 0.8130484375 0.724284375 0.8190796875 0.7248140624999999 0.813596875 0.72905625 0.8201750000000001 0.740721875 0.81469375 0.7449625 0.8207234375000001 0.749734375 0.8267546875 0.7460234375 0.8212718750000001 0.7375390625 0.828946875 0.7332984375 0.8234656250000001 0.7216328125 0.8327843749999999 0.721103125 0.8344296874999999 0.725875 0.83004375 0.7301171875 0.8432015625 0.7417812500000001 0.8322375 0.7449625 0.846490625 0.751325 0.8519734375000001 0.7682921875 0.8453953125 0.8149515624999999 0.846490625 0.8425234375 0.8294953125 0.8515375000000001 0.7538375 0.7985156250000001 0.74780625 0.80010625 0.7467109375 0.80646875 0.7604171875 0.82290625 0.7845390625 0.83245 0.7944078125 0.8462359375 0.8207234375000001 0.866384375 0.8404609375 0.8695656250000001 0.84978125 0.8669140625 0.8640343749999999 0.8425234375 0.8629390625 0.8160125 0.8684203125 0.7831390625 0.8651312499999999 0.743903125 0.8717109375 0.740721875 0.8651312499999999 0.7332984375 0.8662281249999999 0.7279953124999999 0.85745625 0.720571875 0.84978125 0.695121875 0.8547156250000001 0.6256625 0.8355265624999999 0.6569453125 0.8333328124999999 0.6993640625 0.792215625 0.703075 0.7878296875 0.7104984375 0.7757671875 0.7126187500000001 0.7730265625 0.7216328125 0.76370625 0.7295859375 0.7406796875 0.7412515625 0.7330046875 0.756096875 0.735196875 0.7614 0.7615125 0.7359484375 0.772478125 0.7306468749999999
1 0.6990125 0.8812296875 0.723684375 0.8870625000000001 0.7121703125 0.8759281250000001 0.7033984375 0.8759281250000001 0.684759375 0.8557796874999999 0.663925 0.8430546874999999 0.6480265625 0.8234359375 0.6469296875 0.8149515624999999 0.66611875 0.7910921875 0.6836625 0.7815484374999999 0.7006578125 0.762990625 0.7192984375 0.72269375 0.7379390625 0.6972421875 0.75603125 0.6861078125 0.7878296875 0.6521734375 0.7955046875 0.6521734375 0.8026312499999999 0.6378578125 0.8168859375 0.627253125 0.8168859375 0.6198296875 0.8256578125 0.6102859375 0.8245609375 0.6028625 0.83004375 0.598621875 0.8234656250000001 0.595440625 0.8223687500000001 0.5795328125 0.8349781249999999 0.575821875 0.8399125 0.5689296875000001 0.8355265624999999 0.5349953125 0.7883765625 0.48091249999999997 0.77521875 0.45334062499999994 0.7708328125 0.4268296875 0.7708328125 0.40031875 0.7768640625 0.37327656249999996 0.790021875 0.36903437499999997 0.8305921875 0.3764578125 0.8355265624999999 0.3716859375 0.80646875 0.3616125 0.772478125 0.3361609375 0.76754375 0.3398734375 0.757675 0.375928125 0.757675 0.443796875 0.776315625 0.49257656250000004 0.7955046875 0.5143156249999999 0.8245609375 0.5328734374999999 0.831140625 0.54878125 0.828946875 0.5593843749999999 0.817434375 0.5768828125 0.7878296875 0.5927890625 0.7395828125 0.6055140625 0.6979171875 0.60975625 0.686403125 0.6187703124999999 0.6732453125 0.64528125 0.668859375 0.6696718749999999 0.674890625 0.6733828125 0.6842109375 0.6421 0.6968203125 0.6256625 0.711075 0.6161187499999999 0.73629375 0.6086953125 0.762609375 0.6086953125 0.772478125 0.6033937500000001 0.8070171875 0.611346875 0.8037281249999999 0.62619375 0.7719296875 0.6590671875 0.7582234375 0.6702015625 0.7428734375 0.6733828125 0.7105265625 0.7057265625 0.6907890625 0.74814375 0.67379375 0.77094375 0.65844375 0.7847296874999999 0.6365125 0.79639375 0.633771875 0.7863203125 0.651315625 0.756628125 0.6507671875 0.75185625 0.6419953125 0.749734375 0.6282890625 0.762990625 0.61896875 0.79003125 0.6195171875 0.818134375 0.639803125 0.8388125000000001 0.6990125 0.8812296875
1 0.5586625 0.179215625 0.59155625 0.195121875 0.6069078125 0.198303125 0.676534375 0.25821875 0.6600875 0.282609375 0.6524125 0.3345703125 0.66995625 0.37698906249999997 0.668859375 0.41410468749999996 0.67763125 0.45334062499999994 0.676534375 0.48409375 0.672696875 0.48992500000000005 0.663925 0.49204687500000005 0.6255484375 0.488865625 0.60361875 0.4931078125 0.5942984375 0.5042421874999999 0.591009375 0.5222687500000001 0.5975875 0.5360546875 0.610196875 0.5461296875 0.6107453125 0.5360546875 0.6030703125 0.5222687500000001 0.6080046875 0.5068921875 0.627740625 0.5005296875 0.6430921875 0.5005296875 0.65844375 0.507953125 0.6759875 0.507953125 0.6907890625 0.49787968749999995 0.6929828125 0.44697812499999995 0.688596875 0.3685046875 0.686403125 0.3557796875 0.671053125 0.327146875 0.671053125 0.317603125 0.68530625 0.279428125 0.7094296875 0.2476140625 0.72478125 0.20095468749999998 0.742325 0.177625 0.75603125 0.17073125 0.77521875 0.1882296875 0.796053125 0.230646875 0.8371703125 0.2778359375 0.8651312499999999 0.27730625 0.8580046875 0.2767765625 0.8399125 0.26352031249999996 0.8081140625 0.221103125 0.7883765625 0.1797453125 0.77138125 0.16118749999999998 0.7505484375 0.1505828125 0.7379390625 0.1574765625 0.71271875 0.1882296875 0.6946265625 0.2332984375 0.66611875 0.21633125 0.6332234375 0.188759375 0.61513125 0.159596875 0.5707234375 0.11664843750000001 0.5542765625 0.1155890625 0.5433109375 0.12195156250000001 0.5350875 0.137328125 0.5350875 0.14581093750000002 0.523575 0.16118749999999998 0.5241234375 0.1670203125 0.5356359375 0.17709375 0.5586625 0.179215625
1 0.4605265625 0.7799578125 0.4517546875 0.7916218749999999 0.456140625 0.796925 0.4517546875 0.8075296875 0.456140625 0.8117703125 0.46436406249999995 0.8525984375 0.4692984375 0.846765625 0.47258750000000005 0.7619296875 0.4616234375 0.7343578125 0.46381562499999995 0.71633125 0.47532968750000004 0.70625625 0.5520828125 0.6914109374999999 0.5625 0.680275 0.570175 0.6611875 0.5619515625 0.6585359375000001 0.5433109375 0.6829265625 0.5115125 0.6839875 0.5016453125 0.6892890625 0.49616249999999995 0.6861078125 0.487390625 0.6914109374999999 0.46436406249999995 0.69353125 0.44736875 0.70360625 0.44243437500000005 0.7200421875 0.446271875 0.7417812500000001 0.4605265625 0.7640515625 0.4605265625 0.7799578125
1 0.309759375 0.8483562499999999 0.33388125 0.8250265625000001 0.3393640625 0.8239656249999999 0.3421046875 0.8351000000000001 0.348684375 0.8351000000000001 0.3453953125 0.82555625 0.34978125000000004 0.8011671874999999 0.3793859375 0.7672328125 0.4057015625 0.682396875 0.42160156249999997 0.662778125 0.4457234375 0.659596875 0.47203906250000005 0.662778125 0.476425 0.659596875 0.479715625 0.6638390625 0.518640625 0.6675500000000001 0.514803125 0.6606578125 0.5005484375 0.653234375 0.479715625 0.6521734375 0.476425 0.656415625 0.46326718749999996 0.6521734375 0.459978125 0.6553546875 0.4391453125 0.6447515625 0.41611875 0.646871875 0.3980265625 0.6611875 0.40241249999999995 0.64528125 0.413925 0.63520625 0.4358546875 0.62248125 0.452303125 0.6203609375 0.4884875 0.604453125 0.5016453125 0.604453125 0.5104171875 0.5949093750000001 0.49725937499999995 0.5896078124999999 0.485196875 0.5906687500000001 0.45120625 0.6076359375 0.40021874999999996 0.617709375 0.376096875 0.6654296875 0.37719375 0.70996875 0.3607453125 0.7555671875 0.33717031249999996 0.7847296874999999 0.3179828125 0.7916218749999999 0.3267546875 0.7958640625 0.321271875 0.7990453125 0.3256578125 0.8032875 0.320175 0.80646875 0.32236875 0.8191937499999999 0.31853125000000004 0.82290625 0.3042765625 0.8218453125 0.3004390625 0.8138921874999999 0.3004390625 0.7873812499999999 0.311403125 0.7863203125 0.3070171875 0.7799578125 0.3322375 0.756628125 0.33771874999999996 0.71315 0.3421046875 0.7067875 0.33771874999999996 0.6866390625000001 0.3399125 0.65800625 0.3366234375 0.6378578125 0.3399125 0.62619375 0.3366234375 0.6219515624999999 0.34978125000000004 0.5911984375 0.33771874999999996 0.5965 0.331140625 0.6071046875 0.3355265625 0.6187703124999999 0.331140625 0.624071875 0.3355265625 0.627253125 0.33004375 0.633615625 0.323465625 0.6590671875 0.3245609375 0.7014843749999999 0.3168859375 0.7301171875 0.320175 0.74814375 0.2697375 0.7905625 0.2817984375 0.8032875 0.2817984375 0.8287375000000001 0.2708328125 0.8457046874999999 0.2708328125 0.85843125 0.2615125 0.8621421874999999 0.2669953125 0.8875921874999999 0.282346875 0.856840625 0.309759375 0.8483562499999999
1 0.561403125 0.8160125 0.56469375 0.8414640625 0.578946875 0.8775187499999999 0.581140625 0.90615 0.5871703125 0.9056203125 0.596490625 0.8976671875 0.598684375 0.8891828125 0.5942984375 0.8796390625000001 0.5822375 0.8700953124999999 0.5756578125 0.830859375 0.5625 0.8054078125 0.5608546875 0.7751859375000001 0.54879375 0.774125 0.5328953125 0.7842 0.5279609375 0.8091203124999999 0.52905625 0.8218453125 0.5466015625 0.79639375 0.561403125 0.8160125
1 0.8881578125 0.514846875 0.893640625 0.540296875 0.89254375 0.5604453125 0.9018640625 0.560975 0.9024125 0.5180281250000001 0.891446875 0.512725 0.8892546875 0.50318125 0.8717109375 0.48409375 0.8684203125 0.46288437499999996 0.8755484375 0.45705156249999995 0.8985749999999999 0.45281093749999995 0.9172156250000001 0.45705156249999995 0.9369515625 0.46765625 0.96655625 0.46659531249999997 0.9956140625 0.43001093749999997 1 0.407740625 0.995065625 0.405090625 0.9901312499999999 0.4088015625 0.9671046875 0.4490984375 0.9544953125 0.4559921875 0.8678734374999999 0.44008437499999997 0.8607453125 0.44485625000000006 0.8558109375 0.45705156249999995 0.85745625 0.481971875 0.8673249999999999 0.488334375 0.8881578125 0.514846875
1 0.7916671875 0.8425234375 0.8042765624999999 0.8462359375 0.809759375 0.8589609375 0.8371703125 0.86744375 0.84155625 0.8759281250000001 0.856359375 0.859490625 0.8640343749999999 0.843584375 0.8618421875 0.8170734375 0.8684203125 0.7682921875 0.8640343749999999 0.7449625 0.8706140625 0.7428421875 0.8706140625 0.73541875 0.8552625 0.7322375 0.8552625 0.71315 0.8492328125 0.702015625 0.838815625 0.704665625 0.8421046875 0.7332984375 0.8552625 0.7661718750000001 0.848684375 0.8425234375 0.8349781249999999 0.8515375000000001 0.8283984375 0.8515375000000001 0.8108546875 0.8430546874999999 0.8020828124999999 0.830328125 0.79111875 0.8271468750000001 0.7768640625 0.8154828125 0.773575 0.8186640625000001 0.7730265625 0.8266171874999999 0.7878296875 0.830328125 0.7916671875 0.8425234375
1 0.9462718750000001 0.676034375 0.953946875 0.707846875 0.9769734375000001 0.7279953124999999 0.9703953125 0.7301171875 0.967653125 0.737009375 0.9994515625 0.7391296875 1 0.720571875 0.97094375 0.703075 0.9616234374999999 0.691940625 0.963815625 0.6346765624999999 0.9605265624999999 0.6134671875000001 0.9753296875 0.5949093750000001 0.99780625 0.5784734375 1 0.5636265625 0.9917765624999999 0.56415625 0.9621703125 0.582184375 0.9588812499999999 0.5800640625 0.9413375 0.6118765625 0.9407890625 0.6230109374999999 0.9484656250000001 0.6421 0.9462718750000001 0.676034375
1 0.3870609375 0.7248140624999999 0.40021874999999996 0.7014843749999999 0.4057015625 0.676034375 0.42160156249999997 0.659596875 0.44298281250000004 0.6537640625 0.4303734375 0.6447515625 0.41282968750000004 0.650053125 0.40296093749999995 0.6585359375000001 0.40350937499999995 0.6421 0.41611875 0.63520625 0.4205046875 0.627784375 0.4358546875 0.6214203125 0.49725937499999995 0.604453125 0.49725937499999995 0.5906687500000001 0.47203906250000005 0.5949093750000001 0.45339843750000003 0.6086953125 0.40131562499999995 0.617709375 0.38486875 0.6442203125 0.37719375 0.666490625 0.38157968750000004 0.7057265625 0.3711625 0.7359484375 0.3706140625 0.751325 0.379934375 0.7507953125 0.3870609375 0.7248140624999999
1 0.7944078125 0.5143156249999999 0.8234656250000001 0.5328734374999999 0.8267546875 0.5540828125 0.8223687500000001 0.5731703125000001 0.82620625 0.5779421874999999 0.83771875 0.5668078125 0.83771875 0.5328734374999999 0.8267546875 0.5265109375 0.8179828125 0.5106046875 0.7883765625 0.48091249999999997 0.778509375 0.46394531250000004 0.7708328125 0.4310703125 0.7741234375 0.3780484375 0.78344375 0.3700953125 0.79111875 0.3700953125 0.8327843749999999 0.37751875 0.8525218750000001 0.3870625 0.858553125 0.3833515625 0.8514250000000001 0.3764578125 0.8020828124999999 0.3573703125 0.7757671875 0.33828281250000003 0.766446875 0.345175 0.7582234375 0.3753984375 0.75986875 0.4490984375 0.778509375 0.49575781250000006 0.7944078125 0.5143156249999999
1 1 0.992046875 0.9912281249999999 0.9878046875000001 1 0.9867437499999999 0.998903125 0.9718984374999999 0.9566890625 0.9395546875 0.9194078125 0.9406156250000001 0.88103125 0.9575828124999999 0.8591015625 0.9544015625 0.8218203125000001 0.9374343749999999 0.809759375 0.9247078125 0.7966015625 0.9215265625000001 0.7856359375 0.9088015625000001 0.7746703125 0.9066812499999999 0.754934375 0.8928953125 0.737390625 0.8928953125 0.7368421875 0.8976671875 0.74396875 0.9035 0.7669953125 0.9141046875000001 0.8371703125 0.9639453124999999 0.86896875 0.97455 0.8854171875000001 0.975609375 0.924890625 0.9575828124999999 0.94353125 0.9575828124999999 0.96875 0.9703078125 0.9846484375 0.9846234375 0.9841015625 0.988334375 0.97094375 0.9851531250000001 0.97094375 0.9925765625 0.98629375 1 1 0.9984093749999999 1 0.992046875
1 0.456140625 0.8266171874999999 0.46491249999999995 0.8605515625000001 0.4671046875 0.8891828125 0.48245625 0.9220578125 0.4857453125 0.9422062499999999 0.49396874999999996 0.9544015625 0.4983546875 0.9544015625 0.5153515625 0.9411453125 0.518640625 0.8488859375000001 0.528509375 0.8266171874999999 0.5257671875 0.8250265625000001 0.5197375 0.8329796875 0.510965625 0.8616125 0.5005484375 0.9374343749999999 0.49780625 0.9241781250000001 0.483553125 0.90615 0.481359375 0.8785796875 0.4692984375 0.8425234375 0.4682015625 0.8032875 0.47258750000000005 0.79374375 0.47258750000000005 0.7682921875 0.4605265625 0.7237546874999999 0.46875 0.70625625 0.5444078125 0.69353125 0.561403125 0.6813359375 0.5625 0.6717921875 0.5531796875 0.6733828125 0.542215625 0.6850484375 0.467653125 0.6924703125 0.4506578125 0.70360625 0.4457234375 0.71898125 0.446271875 0.7332984375 0.4605265625 0.7640515625 0.456140625 0.8266171874999999
1 0.610196875 0.5461296875 0.606359375 0.5180281250000001 0.6145828125 0.504771875 0.6441890625 0.5005296875 0.655153125 0.5058328125 0.6759875 0.5058328125 0.688596875 0.49787968749999995 0.6918859375 0.43849375 0.6875 0.37380625 0.68530625 0.3589609375 0.668859375 0.3260875 0.668859375 0.31442187499999996 0.6809203125 0.2815484375 0.7083328125 0.2476140625 0.7094296875 0.23488906250000002 0.7269734375 0.1914109375 0.7461625 0.1717921875 0.7582234375 0.17073125 0.7708328125 0.18080625 0.78728125 0.20413593749999998 0.796053125 0.2295859375 0.8048249999999999 0.2359484375 0.8081140625 0.246553125 0.8229171875000001 0.262990625 0.8404609375 0.2778359375 0.8629390625 0.27730625 0.8492328125 0.272534375 0.8245609375 0.24549375 0.8212718750000001 0.2359484375 0.8092109375 0.224284375 0.7883765625 0.1797453125 0.77138125 0.16012656249999999 0.7615125 0.154825 0.747259375 0.1505828125 0.7269734375 0.17020156250000001 0.7105265625 0.19353125 0.7017546875 0.2264046875 0.6918859375 0.23807031250000002 0.6918859375 0.246553125 0.6732453125 0.249734375 0.67763125 0.25715781249999997 0.6721484375 0.2698828125 0.6754390625 0.2783671875 0.667215625 0.2746546875 0.661184375 0.282609375 0.653509375 0.333509375 0.671053125 0.37698906249999997 0.66995625 0.41198281249999996 0.676534375 0.43849375 0.67763125 0.48091249999999997 0.6716015625 0.488865625 0.663925 0.49098593749999997 0.6255484375 0.4878046875 0.6058109375 0.49098593749999997 0.5932015625 0.5021203125 0.5893640625 0.5153765625 0.591009375 0.527571875 0.6008765625 0.5445390625 0.610196875 0.5461296875
1 0.8070171875 0.0302234375 0.8081140625 0.03870625 0.8031796874999999 0.0413578125 0.8009875 0.037115625 0.8004390625 0.040826562500000003 0.8059203125 0.045068750000000005 0.8081140625 0.060975 0.8207234375000001 0.0604453125 0.825109375 0.06786875 0.8294953125 0.062565625 0.8338812499999999 0.0752921875 0.846490625 0.07794218750000001 0.8519734375000001 0.09385 0.8519734375000001 0.1129375 0.87719375 0.1521734375 0.9495609375 0.2264046875 0.950109375 0.2396609375 0.9358546875 0.23541875 0.9117328125 0.2386 0.891446875 0.2624609375 0.9018640625 0.262990625 0.9106359375 0.251325 0.9270828124999999 0.24920468750000002 0.9391453125 0.251325 0.950109375 0.2619296875 0.9632671875 0.24814375000000002 0.9769734375000001 0.2942734375 0.98629375 0.2990453125 0.9961625 0.2958640625 0.998903125 0.2815484375 0.9912281249999999 0.2677625 0.9956140625 0.2624609375 0.9890343749999999 0.249734375 0.99780625 0.246553125 0.99780625 0.233828125 0.9901312499999999 0.2221640625 0.9901312499999999 0.205196875 0.9506578125 0.172321875 0.9429828125 0.156415625 0.9418859375 0.1394484375 0.956140625 0.1108171875 0.9616234374999999 0.069459375 0.9407890625 0.0249203125 0.9418859375 0.0005296875 0.9216015625 0 0.921053125 0.0185578125 0.9429828125 0.04825 0.9451750000000001 0.0715796875 0.9139250000000001 0.0774125 0.8832234375000001 0.092259375 0.86896875 0.089078125 0.8656796874999999 0.083775 0.86129375 0.1039234375 0.856359375 0.098090625 0.858553125 0.09278906249999999 0.8508765625000001 0.0864265625 0.85745625 0.07794218750000001 0.8503296875 0.0689296875 0.8442984375 0.0705203125 0.8338812499999999 0.0509015625 0.8294953125 0.056203125 0.8267546875 0.054612499999999994 0.83004375 0.0429484375 0.8059203125 0.001590625 0.7746703125 0 0.7944078125 0.028631250000000004 0.799890625 0.032873437500000005 0.8070171875 0.0302234375
1 0.377740625 0.53234375 0.405153125 0.5397671875000001 0.43146874999999996 0.5546125 0.467653125 0.560975 0.4928734375 0.5747609375 0.5038375 0.591728125 0.54111875 0.588546875 0.5696265625 0.5949093750000001 0.6058109375 0.6161187499999999 0.6195171875 0.611346875 0.6206140625 0.6071046875 0.6129390625 0.5996812499999999 0.61129375 0.5768828125 0.53344375 0.559915625 0.528509375 0.5445390625 0.498903125 0.5137859375 0.491228125 0.49151718750000006 0.504934375 0.47614062500000004 0.5367328125 0.46659531249999997 0.546053125 0.4544015625 0.5427625 0.416225 0.546053125 0.39925781250000003 0.561403125 0.3844109375 0.5679828125 0.366384375 0.563596875 0.28366875 0.5953953125 0.1967125 0.5981359375 0.1930015625 0.6080046875 0.1961828125 0.6266453125 0.21315 0.63103125 0.2025453125 0.6419953125 0.2025453125 0.64638125 0.20996874999999998 0.651315625 0.2073171875 0.6206140625 0.178684375 0.61513125 0.1617171875 0.641446875 0.10551406249999999 0.6419953125 0.09119843749999999 0.633771875 0.098090625 0.626096875 0.1214203125 0.614034375 0.1362671875 0.6129390625 0.1574765625 0.60745625 0.1670203125 0.6129390625 0.172321875 0.61129375 0.1866390625 0.5953953125 0.1829265625 0.5975875 0.159596875 0.6080046875 0.16436875 0.608553125 0.1521734375 0.5844296875 0.1299046875 0.578946875 0.1150578125 0.54879375 0.1102859375 0.5455046875 0.1155890625 0.53344375 0.11664843750000001 0.5246703125 0.12407187500000001 0.520284375 0.13467656249999999 0.5115125 0.1314953125 0.5032890625 0.13520625 0.5 0.140509375 0.5082234375 0.1442203125 0.51370625 0.1442203125 0.5169953125 0.1378578125 0.51754375 0.146871875 0.5115125 0.14528125 0.504934375 0.1527046875 0.49013125 0.156415625 0.483553125 0.169140625 0.491228125 0.172321875 0.49013125 0.175503125 0.47203906250000005 0.1993640625 0.46436406249999995 0.198303125 0.4495609375 0.211559375 0.43969375 0.230646875 0.44078906250000005 0.24125156250000002 0.43311406249999995 0.2624609375 0.4358546875 0.2651109375 0.446271875 0.26139999999999997 0.448465625 0.23488906250000002 0.452303125 0.23117656250000002 0.459978125 0.2322375 0.46436406249999995 0.2799578125 0.4671046875 0.2656421875 0.4769734375 0.26352031249999996 0.48245625 0.217921875 0.489034375 0.20413593749999998 0.49671093749999995 0.19989375 0.498903125 0.18716875 0.5054828125 0.1829265625 0.5082234375 0.1717921875 0.5169953125 0.166490625 0.538925 0.17709375 0.5444078125 0.1717921875 0.54879375 0.18133593750000002 0.5586625 0.179215625 0.5855265625 0.1924703125 0.5778515625 0.214740625 0.56469375 0.233828125 0.561403125 0.26139999999999997 0.5482453125 0.2804875 0.5482453125 0.34199375 0.55263125 0.36108125 0.5482453125 0.372746875 0.54111875 0.37751875 0.5367328125 0.3753984375 0.5219296875 0.391834375 0.5274125 0.41198281249999996 0.526315625 0.4247078125 0.5169953125 0.420996875 0.4671046875 0.370625 0.4616234375 0.3621421875 0.461075 0.33828281250000003 0.4517546875 0.3398734375 0.4479171875 0.3520671875 0.43530625 0.35259843750000003 0.4358546875 0.3573703125 0.4495609375 0.360021875 0.4495609375 0.3685046875 0.43421093749999995 0.3748671875 0.428728125 0.3875921875 0.43311406249999995 0.391834375 0.429825 0.4098625 0.4358546875 0.414634375 0.4479171875 0.41251249999999995 0.4566890625 0.405090625 0.47861875 0.40721093750000004 0.487390625 0.4199359375 0.49780625 0.4225875 0.502740625 0.43584375 0.5131578125 0.43849375 0.5153515625 0.4522796875 0.5104171875 0.45917343749999995 0.5005484375 0.4602328125 0.49616249999999995 0.46659531249999997 0.47203906250000005 0.46765625 0.4671046875 0.47136875 0.4583328125 0.5042421874999999 0.46436406249999995 0.51325625 0.479715625 0.5153765625 0.5131578125 0.5498406250000001 0.5142546875 0.556203125 0.504934375 0.560975 0.41282968750000004 0.507953125 0.3865125 0.504771875 0.37280625 0.49575781250000006 0.3667765625 0.4835625 0.362390625 0.48992500000000005 0.35032968750000004 0.4878046875 0.3470390625 0.4931078125 0.3530703125 0.5084828124999999 0.367325 0.5169671874999999 0.377740625 0.53234375