1 0.359375 0.26806640625 0.3544921875 0.2578125 0.341796875 0.25927734375 0.3466796875 0.2666015625 0.359375 0.26806640625
1 0.3291015625 0.3984375 0.333984375 0.39697265625 0.337890625 0.37939453125 0.3330078125 0.3720703125 0.326171875 0.39111328125 0.3291015625 0.3984375
1 0.29296875 0.35009765625 0.29296875 0.33837890625 0.2822265625 0.328125 0.28125 0.34716796875 0.29296875 0.35009765625
1 0.4189453125 0.4248046875 0.427734375 0.42333984375 0.439453125 0.39990234375 0.4150390625 0.3984375 0.412109375 0.41455078125 0.4189453125 0.4248046875
1 0.2705078125 0.375 0.265625 0.40576171875 0.2685546875 0.4189453125 0.27734375 0.41748046875 0.283203125 0.40869140625 0.283203125 0.38525390625 0.2783203125 0.375 0.2705078125 0.375
1 0.1953125 0.24169921875 0.1884765625 0.2314453125 0.1826171875 0.2314453125 0.171875 0.24755859375 0.1728515625 0.2578125 0.205078125 0.25927734375 0.2109375 0.25048828125 0.2080078125 0.234375 0.1943359375 0.2519531234375 0.1953125 0.24169921875
1 0.2421875 0.29443359375 0.240234375 0.31787109375 0.2509765625 0.328125 0.2578125 0.32666015625 0.263671875 0.31787109375 0.263671875 0.29736328125 0.2548828125 0.2841796875 0.2421875 0.29443359375
0 0.41015625 0.37353515625 0.4140625 0.37353515625 0.419921875 0.36767578125 0.4189453125 0.3574218765625 0.412109375 0.36181640625 0.41015625 0.37353515625
0 0.0478515625 0.328125 0.03125 0.33251953125 0.04296875 0.34423828125 0.0478515625 0.328125
0 0.220703125 0.44091796875 0.2197265625 0.4248046875 0.208984375 0.42919921875 0.2158203125 0.4423828125 0.220703125 0.44091796875
0 0.32421875 0.48486328125 0.3251953125 0.46875 0.310546875 0.47607421875 0.3173828125 0.4863281234375 0.32421875 0.48486328125
0 0.0390625 0.49658203125 0.048828125 0.49951171875 0.05078125 0.49072265625 0.0419921875 0.48046875 0.037109375 0.48779296875 0.0390625 0.49658203125
0 0.1259765625 0.3808593765625 0.1328125 0.37939453125 0.1328125 0.36181640625 0.1259765625 0.3544921875 0.123046875 0.37353515625 0.1259765625 0.3808593765625
0 0.119140625 0.47021484375 0.125 0.45263671875 0.1162109375 0.4453125 0.111328125 0.46728515625 0.119140625 0.47021484375
0 0.2119140625 0.3017578125 0.216796875 0.30029296875 0.232421875 0.28564453125 0.2255859375 0.2783203125 0.2109375 0.29443359375 0.2119140625 0.3017578125
0 0.1337890625 0.2548828125 0.14453125 0.25634765625 0.150390625 0.25048828125 0.1435546875 0.2402343765625 0.12890625 0.24169921875 0.1337890625 0.2548828125
0 0.1806640625 0.328125 0.169921875 0.32958984375 0.18359375 0.33251953125 0.2001953125 0.3193359375 0.203125 0.30908203125 0.1962890625 0.3076171875 0.1806640625 0.328125
0 0.0302734375 0.3603515625 0.0234375 0.37060546875 0.03125 0.37353515625 0.056640625 0.35302734375 0.0439453125 0.3486328125 0.0419921875 0.3603515625 0.0302734375 0.3603515625
0 0.326171875 0.39990234375 0.330078125 0.41162109375 0.337890625 0.39111328125 0.3349609375 0.3691406234375 0.328125 0.37060546875 0.326171875 0.39990234375
0 0.16015625 0.47314453125 0.166015625 0.47314453125 0.169921875 0.44970703125 0.1591796875 0.4394531234375 0.154296875 0.45263671875 0.16015625 0.47314453125
0 0.38671875 0.36474609375 0.384765625 0.38525390625 0.39453125 0.38818359375 0.392578125 0.35009765625 0.3896484375 0.3427734375 0.3798828125 0.3427734375 0.38671875 0.36474609375
0 0.2861328125 0.328125 0.27734375 0.33251953125 0.2841796875 0.3515625 0.294921875 0.35009765625 0.302734375 0.33544921875 0.2998046875 0.3251953125 0.2939453125 0.3339843765625 0.2861328125 0.328125
0 0.0224609375 0.3457031234375 0.0146484375 0.3486328125 0.0107421875 0.3427734375 0 0.35009765625 0.0009765625 0.375 0.017578125 0.37353515625 0.021484375 0.37060546875 0.015625 0.36474609375 0.025390625 0.35009765625 0.0224609375 0.3457031234375
0 0.0703125 0.44384765625 0.07421875 0.46435546875 0.08203125 0.46435546875 0.087890625 0.45263671875 0.0771484375 0.4130859375 0.072265625 0.41748046875 0.0703125 0.44384765625
0 0.4140625 0.28857421875 0.3505859375 0.2548828125 0.3359375 0.25634765625 0.3544921875 0.2724609375 0.4140625 0.28857421875
0 0.42578125 0.42919921875 0.4462890625 0.3925781234375 0.4140625 0.39990234375 0.412109375 0.41455078125 0.42578125 0.42919921875
0 0.1337890625 0.5537109375 0.125 0.54931640625 0.130859375 0.55810546875 0.126953125 0.56396484375 0.12890625 0.57861328125 0.13671875 0.57861328125 0.158203125 0.55810546875 0.1513671875 0.5449218765625 0.1455078125 0.5419921875 0.1337890625 0.5537109375
0 0.2705078125 0.375 0.265625 0.38818359375 0.267578125 0.41748046875 0.2734375 0.42041015625 0.28515625 0.40576171875 0.28515625 0.38525390625 0.2783203125 0.375 0.2705078125 0.375
0 0.1435546875 0.3076171875 0.1298828125 0.3017578125 0.1220703125 0.3017578125 0.1171875 0.31201171875 0.1240234375 0.3251953125 0.16015625 0.32373046875 0.1591796875 0.3076171875 0.1494140625 0.3076171875 0.1513671875 0.3193359375 0.1435546875 0.3076171875
0 0.23828125 0.30908203125 0.2431640625 0.3251953125 0.2578125 0.32958984375 0.265625 0.30322265625 0.2529296875 0.2841796875 0.2421875 0.29443359375 0.23828125 0.30908203125
0 0 0.48193359375 0.00390625 0.48193359375 0.029296875 0.44677734375 0.0302734375 0.421875 0.0224609375 0.421875 0.01171875 0.43505859375 0.0078125 0.46142578125 0 0.46435546875 0 0.48193359375
0 0.1923828125 0.2519531234375 0.1923828125 0.2314453125 0.1787109375 0.234375 0.171875 0.25634765625 0.1865234375 0.2578125 0.189453125 0.27392578125 0.1953125 0.27392578125 0.212890625 0.25048828125 0.212890625 0.23876953125 0.2080078125 0.234375 0.1923828125 0.2519531234375
0 0.078125 0.53466796875 0.07421875 0.55224609375 0.060546875 0.56396484375 0.06640625 0.59912109375 0.0703125 0.59912109375 0.109375 0.54052734375 0.1025390625 0.5185546875 0.0908203125 0.515625 0.078125 0.53466796875