1 0.48692812500000004 0.2846625 0.476190625 0.269325 0.4640515625 0.23864999999999997 0.466853125 0.21042968750000002 0.45845 0.198159375 0.45845 0.16257656250000002 0.46592031250000004 0.15030625 0.4696546875 0.130675 0.4677875 0.1220859375 0.4589171875 0.1177921875 0.4290375 0.1239265625 0.4183 0.09018437500000001 0.3996265625 0.0680984375 0.3996265625 0.050920312499999995 0.3851546875 0.020859375 0.3571421875 0.0319015625 0.3459390625 0.0147234375 0.3366015625 0.0147234375 0.326796875 0.028834375000000002 0.3258640625 0.037423437500000004 0.3295984375 0.048465625 0.334734375 0.051534375 0.36601249999999996 0.05337499999999999 0.3688140625 0.0680984375 0.3543421875 0.07730000000000001 0.353875 0.082821875 0.36928125 0.09693281249999999 0.3879546875 0.1006140625 0.40616250000000004 0.12944843749999999 0.40709687499999997 0.146625 0.4126984375 0.1601234375 0.423903125 0.1736203125 0.4248359375 0.1846625 0.43790781250000005 0.2006140625 0.43557499999999993 0.2417171875 0.42156874999999994 0.22822031250000002 0.413165625 0.2122703125 0.39169062499999996 0.19754531250000001 0.3804859375 0.1815953125 0.35340781250000003 0.1717796875 0.3216625 0.1509203125 0.3179265625 0.1374234375 0.3020546875 0.1227 0.2833796875 0.09570625 0.268440625 0.0846625 0.2614375 0.0914109375 0.26237187500000003 0.0987734375 0.274509375 0.11104218749999999 0.2843140625 0.1312890625 0.294584375 0.1312890625 0.297853125 0.13558281249999998 0.30625625 0.15030625 0.30578906250000004 0.16073593749999998 0.287115625 0.1644171875 0.25630312499999997 0.128834375 0.242296875 0.1312890625 0.2357609375 0.1104296875 0.2264234375 0.11288281250000001 0.21708750000000002 0.09815937500000001 0.20308125000000002 0.0932515625 0.19374375 0.0822078125 0.18300624999999998 0.082821875 0.1820734375 0.0889578125 0.189075 0.10184062499999999 0.19934687499999998 0.107975 0.21335156249999998 0.1276078125 0.220821875 0.1300609375 0.230159375 0.148465625 0.248365625 0.16503125000000002 0.24323125 0.17300625 0.2217546875 0.179140625 0.1769375 0.166871875 0.1349203125 0.1717796875 0.12931874999999998 0.1570546875 0.102240625 0.15337499999999998 0.09710625 0.12699375 0.0910359375 0.1177921875 0.08449999999999999 0.1165640625 0.07049531249999999 0.1337421875 0.06582656249999999 0.1337421875 0.052754687499999994 0.1227 0.044351562500000004 0.1067484375 0.0322125 0.09815937500000001 0.028945312499999997 0.10122656249999999 0.0373484375 0.1319015625 0.0522875 0.146625 0.057423437499999994 0.1644171875 0.068628125 0.16564375 0.0788984375 0.175459375 0.0910359375 0.1742328125 0.1302515625 0.18772968750000002 0.14145625 0.20368124999999998 0.154528125 0.20122656249999998 0.20588281249999998 0.2147234375 0.2198875 0.213496875 0.24416406249999997 0.20122656249999998 0.25536875000000003 0.20490781249999998 0.26750625 0.19754531250000001 0.3338 0.20736249999999998 0.3674140625 0.20368124999999998 0.37675000000000003 0.2184046875 0.393090625 0.2177921875 0.3996265625 0.2374234375 0.39215625 0.248465625 0.40009375 0.2601234375 0.41223124999999994 0.26503125 0.43650781250000004 0.25889531250000003 0.44537812499999996 0.2840484375 0.45658281250000005 0.2950921875 0.45985 0.305521875 0.4687203125 0.3085890625 0.4677875 0.3220859375 0.4897296875 0.34478593750000003 0.5112046875 0.3509203125 0.517740625 0.34478593750000003 0.53828125 0.3398765625 0.561625 0.3509203125 0.5784312500000001 0.353375 0.62325 0.37791406250000004 0.6409890625 0.37791406250000004 0.6657328125 0.3858890625 0.6774046874999999 0.3840484375 0.6844078125 0.3736203125 0.67366875 0.369325 0.6633984374999999 0.37545937500000004 0.6391218750000001 0.37423281249999996 0.6111109375 0.34969375 0.591503125 0.3435578125 0.5774984375 0.328834375 0.5494859375 0.32760781250000004 0.53828125 0.31901875 0.5158734375 0.3177921875 0.48692812500000004 0.2846625
1 0.8174609374999999 0.22331249999999997 0.8151265625 0.23987656249999997 0.8225953125000001 0.2607359375 0.8328671875 0.3417171875 0.8431374999999999 0.3490796875 0.8501406250000001 0.37545937500000004 0.8627453125000001 0.37484687499999997 0.8753500000000001 0.3705515625 0.8795515625 0.3662578125 0.87861875 0.36135 0.8674140625 0.35030625 0.8487390625 0.3147234375 0.84780625 0.28895781249999997 0.8412703125000001 0.2742328125 0.8431374999999999 0.263190625 0.83846875 0.25828281249999996 0.837534375 0.24355781250000003 0.8249296875000001 0.2220859375 0.8174609374999999 0.22331249999999997
1 0.745565625 0.45521406249999996 0.7502328125 0.4564421875 0.75676875 0.46871093750000004 0.777778125 0.44355781250000004 0.75676875 0.42331250000000004 0.7380953124999999 0.43190156249999995 0.71381875 0.43067500000000003 0.7026140625 0.436809375 0.6979453125 0.45153437500000004 0.6802046875000001 0.44662499999999994 0.6596640625 0.45030625 0.65219375 0.4453984375 0.6241828125 0.45153437500000004 0.6017734375 0.4453984375 0.5812328124999999 0.46993906250000006 0.5233421875000001 0.5165640625 0.5018671875 0.5411046875000001 0.48786250000000003 0.5398765625 0.48179218749999997 0.5564421875 0.48599375 0.5631906250000001 0.49393125 0.5625765625 0.5205421875 0.5423312499999999 0.534546875 0.5398765625 0.543884375 0.5312890625 0.565359375 0.5276078125 0.5774984375 0.5067484375 0.6064421875 0.4797546875 0.6372546875 0.4723921875 0.65219375 0.47607343750000003 0.6680671874999999 0.467484375 0.691409375 0.47362031250000003 0.712884375 0.4723921875 0.745565625 0.45521406249999996
1 0.448646875 0.5116562499999999 0.46171875 0.5006140625 0.47012187499999997 0.50429375 0.48786250000000003 0.5006140625 0.5065359375 0.48588906249999997 0.517740625 0.4871171875 0.52614375 0.47607343750000003 0.54295 0.47852812499999997 0.5494859375 0.46871093750000004 0.5602234375 0.469325 0.5527546875 0.4546015625 0.5541546875 0.45030625 0.5849671875 0.4490796875 0.590103125 0.4447859375 0.590103125 0.43865 0.5784312500000001 0.4355828125 0.51400625 0.44785312499999996 0.48599375 0.463803125 0.4589171875 0.46871093750000004 0.40756249999999994 0.494478125 0.3963578125 0.505521875 0.3832859375 0.5030671875 0.3459390625 0.5165640625 0.3216625 0.5337421875 0.2549015625 0.56135 0.2535015625 0.5742328125 0.2726421875 0.58098125 0.2889828125 0.5779140625 0.2973859375 0.5680984375 0.3067234375 0.569325 0.32633125 0.5619625 0.334734375 0.552146875 0.35994375 0.5472390625 0.36834687499999996 0.5398765625 0.37675000000000003 0.5411046875000001 0.3842203125 0.532515625 0.40102656249999996 0.5300609374999999 0.41223124999999994 0.521471875 0.448646875 0.5116562499999999
1 0.27170937500000003 0.8276078124999999 0.273109375 0.824540625 0.2334265625 0.8227 0.23482656249999997 0.8282203125 0.27170937500000003 0.8276078124999999
1 0.1573296875 0.8662578125 0.1540609375 0.8754593749999999 0.1563953125 0.8871171875 0.1633984375 0.886503125 0.1648 0.8613500000000001 0.1573296875 0.8662578125
1 0.1844078125 0.9153375 0.18300624999999998 0.9257671875 0.18020468750000002 0.9257671875 0.1820734375 0.9073625 0.17787187499999998 0.901840625 0.1727359375 0.9073625 0.17553749999999999 0.92699375 0.17086874999999999 0.9429453125 0.1774046875 0.947853125 0.18487343750000002 0.9282203125 0.1844078125 0.9153375
1 0.11858125 0.794478125 0.1241828125 0.7895703125 0.1218484375 0.7877296874999999 0.1171796875 0.7926375 0.10784374999999999 0.7889578125 0.094771875 0.7926375 0.0882359375 0.7840484375 0.07516406249999999 0.7791406249999999 0.042484375000000005 0.782821875 0.0396828125 0.7779140625000001 0.028478125 0.7766875 0.019140625 0.7815953125 0.0107375 0.7779140625000001 0.0088703125 0.7680984375000001 0 0.771165625 0.0004671875 0.7914109375 0.023809375 0.7877296874999999 0.052754687499999994 0.79631875 0.059290625 0.8110421875 0.07049531249999999 0.8049078125 0.0863671875 0.8061343750000001 0.09010312499999999 0.8 0.0994390625 0.7987734375 0.0943046875 0.8006140625 0.0957046875 0.8061343750000001 0.1218484375 0.8061343750000001 0.14939375 0.8202453125 0.15079375 0.8159515624999999 0.1596640625 0.8141109375 0.14519218750000001 0.8122703124999999 0.1433234375 0.8024546875 0.137721875 0.8085890625 0.1353875 0.8030671875 0.14005625 0.794478125 0.1349203125 0.7877296874999999 0.1241828125 0.7932515625 0.1297859375 0.7993859375000001 0.1255828125 0.8012265624999999 0.11858125 0.794478125
1 0.8524749999999999 0.43865 0.8590109375000001 0.45337500000000003 0.865546875 0.4570546875 0.86928125 0.45337500000000003 0.865546875 0.43006093749999996 0.8520078124999999 0.4159515625 0.8496734375000001 0.4239265625 0.8524749999999999 0.43865
1 0.82913125 0.5429453125 0.8328671875 0.5110421875 0.8207281249999999 0.4619625 0.80625625 0.45398750000000004 0.8029875000000001 0.459509375 0.8085906250000001 0.47300624999999996 0.8095234375 0.55766875 0.813259375 0.5723921875 0.81699375 0.5736203125 0.8216625000000001 0.5478531249999999 0.82913125 0.5429453125
1 1 0.48650312500000004 0.9939312499999999 0.48834375 0.9827265625000001 0.507975 0.9649859375000001 0.5116562499999999 0.9481796875 0.5276078125 0.940709375 0.5263796875 0.9005609375000001 0.5423312499999999 0.8828203125 0.5398765625 0.8664796875 0.5662578125 0.8678812499999999 0.5730062499999999 0.8748828124999999 0.5723921875 0.8856203125000001 0.5619625 0.9033609374999999 0.5631906250000001 0.9164328125000001 0.5582828125 0.9220359374999999 0.548465625 0.9360406250000001 0.5546015625 0.9575156249999999 0.5374234375 0.9696546875 0.5374234375 0.983659375 0.5165640625 1 0.5049078125 1 0.48650312500000004
1 0.7226890625 0.2926375 0.7226890625 0.2877296875 0.7142859374999999 0.28036875 0.712884375 0.27116562499999997 0.6974796875 0.2717796875 0.7072828125 0.2846625 0.7226890625 0.2926375
1 0.7656390625 0.37239218749999997 0.7689078125 0.382821875 0.782446875 0.38834375 0.79691875 0.382821875 0.79831875 0.37239218749999997 0.7913171875 0.36564375 0.7581703125 0.367484375 0.7656390625 0.37239218749999997
1 0.5905703124999999 0.152146875 0.6064421875 0.1582828125 0.6143796874999999 0.1797546875 0.6279171875 0.186503125 0.6316531249999999 0.19754531250000001 0.66153125 0.2159515625 0.6764703125 0.2355828125 0.694678125 0.23864999999999997 0.6942109375000001 0.2319015625 0.6764703125 0.2220859375 0.6718015625 0.2110421875 0.64005625 0.18895781250000002 0.6344531250000001 0.18036875000000002 0.6241828125 0.179140625 0.6087765625 0.1588953125 0.61064375 0.1392640625 0.605509375 0.1312890625 0.596171875 0.128834375 0.5845 0.144171875 0.5905703124999999 0.152146875
1 0.7166203125 0.3766875 0.7226890625 0.3822078125 0.7240890624999999 0.393865625 0.737628125 0.39570625000000004 0.7506999999999999 0.38957031249999996 0.756303125 0.36993906249999997 0.7511671875 0.3607359375 0.7394953125 0.3539875 0.7357609375 0.3355828125 0.730159375 0.330675 0.7320265625 0.31963125 0.7259578125 0.30674843749999997 0.7208218750000001 0.3282203125 0.7254906250000001 0.3527609375 0.699346875 0.3773 0.7166203125 0.3766875
1 0.2189546875 0.813496875 0.2049484375 0.8159515624999999 0.17320312499999999 0.793865625 0.1657328125 0.8 0.15079375 0.7889578125 0.14519218750000001 0.793865625 0.1367875 0.7877296874999999 0.097571875 0.7914109375 0.0779640625 0.7791406249999999 0.044351562500000004 0.782821875 0.0322125 0.775459375 0.020075000000000003 0.7803687499999999 0.013539062499999999 0.7779140625000001 0.0042015625000000004 0.766871875 0 0.7723921875 0.0004671875 0.7914109375 0.023809375 0.7889578125 0.0490203125 0.79631875 0.0541546875 0.7993859375000001 0.057423437499999994 0.809815625 0.0910359375 0.80368125 0.1349203125 0.813496875 0.1568625 0.8656437499999999 0.1573296875 0.8858890625000001 0.162465625 0.882821875 0.1587296875 0.866871875 0.162465625 0.853375 0.1503265625 0.8202453125 0.1657328125 0.8159515624999999 0.17600312499999998 0.8257671875 0.18534062499999998 0.8257671875 0.1965453125 0.836809375 0.228290625 0.8417171874999999 0.232959375 0.8490796875 0.259103125 0.8404906249999999 0.289915625 0.8552140625 0.30765625 0.8564421875000001 0.31699375 0.8625765624999999 0.3216625 0.8736203124999999 0.3356671875 0.8723921875 0.352475 0.8932515625 0.3702140625 0.8969328125 0.38141875000000003 0.9079750000000001 0.3902890625 0.909815625 0.3949578125 0.8987734375 0.3888890625 0.8895703125000001 0.37675000000000003 0.890796875 0.365546875 0.8760734375 0.352475 0.8723921875 0.34780625 0.8601234375000001 0.31979531250000004 0.847853125 0.312325 0.8355828125 0.2936515625 0.8355828125 0.272175 0.8233124999999999 0.23669531250000003 0.8208593750000001 0.2189546875 0.813496875