1 0.7209984375 0.194775 0.729890625 0.181115625 0.7307359375 0.16924062499999998 0.74174375 0.13598593750000001 0.740896875 0.12410937500000001 0.7502109375 0.1086703125 0.7502109375 0.10273125000000001 0.77434375 0.077196875 0.7845046875 0.0581953125 0.79381875 0.051068749999999996 0.7950890625 0.0397859375 0.7845046875 0.04394375 0.775190625 0.061757812499999995 0.7510578125 0.0849171875 0.7480953125 0.098575 0.7366640624999999 0.10510625 0.7349703125 0.122921875 0.72904375 0.130046875 0.72565625 0.1454875 0.7205765625 0.1478625 0.7209984375 0.194775
1 0.0740890625 0.9049875000000001 0.054614062500000005 0.9049875000000001 0.047840625 0.8990500000000001 0.04403125 0.8901421875000001 0.043184375000000004 0.8723281249999999 0.0321765625 0.8652015625 0.028365625 0.8503562499999999 0.017781250000000002 0.8462 0.017781250000000002 0.8509499999999999 0.0304828125 0.8652015625 0.0330234375 0.8889546875000001 0.0287890625 0.8948937499999999 0.051228125 0.931115625 0.072396875 0.9394296875 0.08213437500000001 0.9328984374999999 0.08382656250000001 0.9174578125 0.0808640625 0.9133015625 0.0740890625 0.9049875000000001
1 0.534715625 0.3408546875 0.5474171875 0.319478125 0.56011875 0.3087890625 0.5719734375 0.2874109375 0.5855203125 0.276721875 0.6105 0.273753125 0.5876375 0.2654390625 0.5643515625 0.2826609375 0.5262484374999999 0.3349171875 0.5135484375 0.34679375 0.49745937500000004 0.35867031250000003 0.461896875 0.370546875 0.45131249999999995 0.3830171875 0.45935625 0.38361093749999997 0.48560468749999997 0.369359375 0.5135484375 0.3622328125 0.534715625 0.3408546875
1 0.041067187500000005 0.38361093749999997 0.015240624999999999 0.378265625 0.008467187499999999 0.3937046875 0.013971875 0.40261250000000004 0.058848437499999996 0.41924062500000003 0.062235937500000005 0.42755312500000003 0.0740890625 0.42755312500000003 0.0935640625 0.4370546875 0.10499531250000001 0.4328984375 0.090178125 0.41448906250000006 0.0571546875 0.4085515625 0.041067187500000005 0.38361093749999997
1 0.8213374999999999 0.29513124999999996 0.80355625 0.27137812499999997 0.8065203125 0.25653281250000004 0.8306515624999999 0.2393109375 0.8314984375 0.2345609375 0.8268421874999999 0.22802812499999997 0.8179515625 0.22624687500000001 0.8048265625000001 0.2351546875 0.794665625 0.25178124999999996 0.7641828125 0.24703124999999998 0.762065625 0.2511875 0.765453125 0.269003125 0.7684171875 0.273159375 0.792125 0.277909375 0.8005921875 0.29097343750000004 0.8192203125 0.29928750000000004 0.8213374999999999 0.29513124999999996
1 0.9077046875000001 0.0671015625 0.916596875 0.080759375 0.9276031250000001 0.076009375 0.9394578125 0.0581953125 0.95596875 0.0492875 0.9521593749999999 0.0320671875 0.93014375 0.033254687500000005 0.914903125 0.0118765625 0.8793390625 0.0011875 0.825571875 0.00059375 0.809059375 0.0071265625 0.80694375 0.0172203125 0.810753125 0.020190625 0.81329375 0.0142515625 0.8259953124999999 0.0106890625 0.831075 0.00475 0.87171875 0.0059375 0.89119375 0.013064062500000001 0.9060124999999999 0.037410937500000005 0.9077046875000001 0.0671015625
1 0.0427609375 0.5249406249999999 0.0173578125 0.5130640625 0.0097375 0.4988125 0 0.49703125000000004 0.0012703125 0.5439437500000001 0.058001562500000006 0.5629453125 0.1058421875 0.6169828125000001 0.10753593749999998 0.60154375 0.10457187500000001 0.5855109374999999 0.09271875 0.5819484375 0.0897546875 0.570665625 0.0740890625 0.55225625 0.047840625 0.5380046875 0.0427609375 0.5249406249999999
1 0.21507187499999997 0.89726875 0.21930624999999998 0.8794531250000001 0.23200625000000002 0.8616390624999999 0.231159375 0.848575 0.21845937499999998 0.8378859375 0.21845937499999998 0.8117578125 0.2235390625 0.8081953125 0.2218453125 0.7927546875 0.2171890625 0.7838484375 0.20364062500000002 0.7826609375 0.1917859375 0.7636578125 0.17527500000000001 0.7618765625 0.179509375 0.776128125 0.193903125 0.79869375 0.20067812499999998 0.821259375 0.19983125 0.8497625 0.1888234375 0.8628265624999999 0.1862828125 0.8723281249999999 0.1879765625 0.8948937499999999 0.1943265625 0.9038 0.20956875 0.901425 0.21507187499999997 0.89726875
1 0.9881453125 0.752375 0.9995765625 0.774346875 1 0.75 0.995765625 0.7416859375 0.9966125 0.728621875 0.984759375 0.669240625 0.984759375 0.6336109375000001 0.9737515625000001 0.6193593749999999 0.9695171874999999 0.60391875 0.9449624999999999 0.573040625 0.939034375 0.5528500000000001 0.929296875 0.5391921875000001 0.9030484375000001 0.5118765625 0.8899234375 0.5089078125000001 0.8933109375000001 0.5374109375 0.9077046875000001 0.5599765624999999 0.935225 0.5902609375 0.9428453125 0.6045125 0.9695171874999999 0.626484375 0.9695171874999999 0.672803125 0.9737515625000001 0.6906171875 0.9712109375000001 0.7048687499999999 0.97883125 0.719121875 0.9881453125 0.752375
1 0.3632515625 0.769003125 0.3569015625 0.7363421875 0.34589375 0.7315921875 0.3408125 0.722090625 0.3145640625 0.7114015625000001 0.306096875 0.6959625 0.29720625 0.6918046875 0.29000781249999996 0.672209375 0.2823875 0.6686453125 0.27434375 0.656175 0.27265 0.6431109375 0.27730781250000003 0.6294531250000001 0.26799375 0.6318296875 0.263759375 0.6413296875000001 0.25275156249999997 0.6401421875 0.23454687500000002 0.624109375 0.23158281249999998 0.6080765625 0.21845937499999998 0.60510625 0.2277734375 0.631234375 0.2218453125 0.6585515625 0.2049109375 0.675178125 0.2112609375 0.6935859375 0.223115625 0.6912109375 0.24174375 0.672209375 0.2629125 0.669834375 0.3281125 0.7636578125 0.3509734375 0.774346875 0.3632515625 0.769003125
1 0.2239625 0.406175 0.24428437500000003 0.41448906250000006 0.28492812500000003 0.41330156249999994 0.3145640625 0.4323046875 0.3268421875 0.4519 0.3289578125 0.47387187500000005 0.3712953125 0.46318281250000004 0.3865375 0.44299218749999997 0.426334375 0.44774375 0.42845000000000005 0.46140156250000003 0.4466546875 0.49168593749999995 0.45681562500000006 0.49762500000000004 0.48137187499999995 0.4988125 0.5101609375 0.5083140625 0.5279421875 0.520190625 0.5376796875000001 0.5326609375 0.5309062499999999 0.5481 0.53429375 0.5635390625000001 0.544453125 0.578978125 0.5656218749999999 0.64905 0.5774765625 0.6644890625000001 0.5910249999999999 0.6929921875 0.5944109375 0.6906171875 0.591871875 0.6538 0.563928125 0.59560625 0.5630828125 0.5528500000000001 0.5596953124999999 0.5385984374999999 0.5364093750000001 0.5 0.519475 0.48337343749999995 0.4839125 0.48337343749999995 0.4720578125 0.478621875 0.4483484375 0.45368125 0.42802656250000004 0.44655625 0.43014374999999994 0.4328984375 0.4102453125 0.421615625 0.40093125 0.4073640625 0.3535140625 0.40973906250000003 0.3145640625 0.406175 0.2933953125 0.3871734375 0.2747671875 0.380046875 0.21591875 0.374703125 0.17739218750000002 0.396675 0.14436875 0.39905 0.1253171875 0.4162703125 0.1244703125 0.429334375 0.129975 0.43467968749999997 0.146909375 0.42399062499999995 0.1570703125 0.42517812499999996 0.18162499999999998 0.4121140625 0.210415625 0.406175 0.2239625 0.406175
1 0.6528359375 0.24762499999999998 0.671465625 0.27850312499999996 0.6629968749999999 0.29631875 0.67358125 0.31353906249999997 0.7023703125 0.3123515625 0.7447078125 0.34441875 0.76460625 0.372328125 0.76799375 0.4091453125 0.7730734375 0.4115203125 0.7713796875 0.4162703125 0.7845046875 0.4394296875 0.81668125 0.46318281250000004 0.8454703125 0.46318281250000004 0.8598640625 0.470309375 0.8865375 0.49465624999999996 0.8852671875 0.4572453125 0.8624046875 0.45130625 0.8437765625000001 0.4370546875 0.82938125 0.43467968749999997 0.8116 0.4418046875 0.8005921875 0.4394296875 0.7959359375 0.4115203125 0.781540625 0.40677031250000006 0.7764609375 0.3652015625 0.7684171875 0.35867031250000003 0.7599484375000001 0.34204218750000004 0.752328125 0.3384796875 0.7421671875 0.320665625 0.736240625 0.3182890625 0.7188828125 0.2891921875 0.72565625 0.26425156250000004 0.7472484374999999 0.25415625 0.7455546875 0.24703124999999998 0.71930625 0.22802812499999997 0.7057578125 0.226840625 0.6879765625 0.23871718749999998 0.68035625 0.23871718749999998 0.6659609375 0.226840625 0.6333609375 0.179928125 0.6257406249999999 0.151425 0.5952578125 0.10273125000000001 0.5893312500000001 0.078978125 0.5800171875 0.069478125 0.56011875 0.0344421875 0.5254015625 0.0011875 0.5021171875 0 0.49618906249999994 0.00415625 0.5021171875 0.0314734375 0.5292125000000001 0.0671015625 0.53725625 0.0866984375 0.5618125 0.0962 0.5681625 0.10273125000000001 0.5774765625 0.130046875 0.591871875 0.1443 0.6198140624999999 0.20486875000000002 0.6528359375 0.24762499999999998