1 0.2260875 0.7900515625 0.256521875 0.8430234375 0.31087031249999997 0.9114984375 0.3135875 0.9250640625000001 0.36793437500000004 0.9121453125000001 0.37065156250000003 0.8972875 0.356521875 0.8662796875 0.3635875 0.8540046875 0.3728265625 0.848190625 0.3663046875 0.8404390625 0.381521875 0.8313953125 0.3847828125 0.8042640625 0.39076093749999996 0.8023250000000001 0.3918484375 0.8087859375 0.39945624999999996 0.8087859375 0.41141249999999996 0.8294578125 0.4413046875 0.8223515625 0.43804375 0.8081390624999999 0.442390625 0.8055562500000001 0.442390625 0.793928125 0.4141296875 0.7719640625 0.4163046875 0.7370796875 0.42717343750000003 0.7151156249999999 0.425 0.69444375 0.43695625 0.6724812499999999 0.42391249999999997 0.6453484375 0.417390625 0.6543921874999999 0.41847812500000003 0.6815249999999999 0.40108750000000004 0.702196875 0.40978281250000004 0.7241609375 0.407065625 0.7299734375 0.3961953125 0.7351421874999999 0.3788046875 0.73385 0.36739062499999997 0.756459375 0.355978125 0.763565625 0.3331515625 0.763565625 0.317934375 0.75710625 0.2983703125 0.759690625 0.25815156250000004 0.740309375 0.24456562499999998 0.7254515625 0.2336953125 0.7099484375 0.23912968750000002 0.706071875 0.2260875 0.7009046875 0.2336953125 0.697028125 0.22391250000000001 0.6918609375 0.22282656250000002 0.6776484375 0.20434843749999998 0.6543921874999999 0.20434843749999998 0.6453484375 0.193478125 0.62209375 0.1771734375 0.6078812499999999 0.17554375 0.5994828125 0.1739125 0.6078812499999999 0.1706515625 0.6065890625 0.169565625 0.6001296875000001 0.1760875 0.5962531249999999 0.16847812499999998 0.58979375 0.1728265625 0.58075 0.1625 0.57364375 0.167390625 0.58979375 0.155978125 0.59173125 0.1532609375 0.58075 0.156521875 0.5742890625 0.15 0.5717046875 0.144565625 0.57558125 0.1532609375 0.6040046875 0.13912968750000002 0.62209375 0.142390625 0.6337203125 0.1543484375 0.64018125 0.1532609375 0.6634359375 0.193478125 0.7241609375 0.2086953125 0.7577515625 0.21521718750000002 0.761628125 0.2260875 0.7900515625
1 0.2603265625 0.0284234375 0.27445624999999996 0.0310078125 0.282609375 0.013565625000000001 0.2733703125 0.0142125 0.269565625 0.009690625 0.2538046875 0.0103359375 0.2521734375 0.014857812500000001 0.2603265625 0.0284234375
1 0.4266296875 0.60594375 0.43912968750000003 0.5859171875 0.44456562499999996 0.5665375 0.44021718749999994 0.5536171875 0.4336953125 0.5497421874999999 0.42391249999999997 0.552325 0.42173906250000004 0.5910859375 0.4266296875 0.60594375
1 0.7114125 0.5969 0.7288046875 0.598190625 0.75 0.58075 0.745109375 0.5749359375 0.7364124999999999 0.576228125 0.7277171874999999 0.5646 0.719565625 0.5652453125 0.7032609375 0.5885015625000001 0.7114125 0.5969
1 0.5358703125 0.3313953125 0.5461953125 0.29328125 0.5527171875 0.29328125 0.5836953125 0.265503125 0.5902171875 0.243540625 0.581521875 0.23578749999999998 0.5760875000000001 0.25 0.5646734375 0.2558140625 0.5608703125 0.2667953125 0.544021875 0.2829453125 0.5141296875 0.28488437499999997 0.5108703125 0.30426406250000004 0.5217390625 0.3158921875 0.520109375 0.337209375 0.529890625 0.33850156249999996 0.5358703125 0.3313953125
1 0.5934781250000001 0.495478125 0.5722828125 0.5193796875000001 0.5211953125 0.5426359374999999 0.5163046875 0.560078125 0.5516296875 0.556846875 0.5766296875 0.5387593749999999 0.5875 0.520671875 0.6233703125 0.5245484375 0.631521875 0.5058140625 0.6146734375 0.4948328125 0.5934781250000001 0.495478125
1 0.7597828125 0 0.7364124999999999 0.002584375 0.7206515625 0.0342375 0.7228265625 0.0742890625 0.7461953125 0.08656406250000001 0.7543484375 0.07558125 0.744565625 0.063953125 0.7456515625 0.057493749999999996 0.7782609375 0.012273437500000001 0.7722828125000001 0.0012921875 0.7597828125 0
1 0.2831515625 0.3217046875 0.254890625 0.2764859375 0.2472828125 0.2739015625 0.23967343749999998 0.26098125 0.2277171875 0.26098125 0.2141296875 0.2538765625 0.2108703125 0.25904375 0.22826093749999998 0.30426406250000004 0.2353265625 0.3152453125 0.2489125 0.32364375 0.2527171875 0.33850156249999996 0.26576093749999996 0.346253125 0.2875 0.3501296875 0.3032609375 0.3456078125 0.3032609375 0.330103125 0.2831515625 0.3217046875
1 0.5782609375 0.21640781250000002 0.5864125 0.2260984375 0.5918484375 0.2260984375 0.606521875 0.2073640625 0.606521875 0.17894062500000002 0.6228265625 0.149225 0.63695625 0.142765625 0.6385875000000001 0.12790625 0.694021875 0.103359375 0.7108703125 0.0859171875 0.6815218749999999 0.069121875 0.6728265625 0.07558125 0.6706515625 0.0910859375 0.6614125 0.103359375 0.6309781250000001 0.0969 0.618478125 0.1091734375 0.617390625 0.12209375 0.582609375 0.155684375 0.5913046875 0.19056875 0.5804343750000001 0.2034890625 0.5782609375 0.21640781250000002
1 0.038587500000000004 0.2764859375 0.0483703125 0.28423750000000003 0.0896734375 0.281653125 0.1135875 0.268734375 0.1233703125 0.2558140625 0.1375 0.2558140625 0.1706515625 0.2177 0.16902187500000002 0.213178125 0.14782656249999998 0.20865625 0.142934375 0.227390625 0.12228281249999999 0.23643437500000003 0.1038046875 0.25193750000000004 0.080978125 0.2506453125 0.070109375 0.2416015625 0.030978125000000002 0.24289375 0.020109375 0.23514218750000002 0.00054375 0.23772656250000002 0 0.2784234375 0.038587500000000004 0.2764859375
1 0.782609375 0.5329453125 0.79945625 0.520671875 0.8157609375 0.52325625 0.8244562500000001 0.5323 0.8505437499999999 0.5284234375 0.8717390625 0.5083984375 0.8717390625 0.5019375 0.8625 0.4961234375 0.8353265625 0.506459375 0.8141296875 0.5006453125 0.8244562500000001 0.4857875 0.8592390625 0.4715765625 0.8771734375 0.447675 0.87554375 0.4354 0.85 0.421834375 0.8097828125 0.46317812500000005 0.8 0.48385 0.8010875000000001 0.4967703125 0.780434375 0.5148578125000001 0.7641296875 0.5471578125 0.7543484375 0.554909375 0.7559781250000001 0.5697671875 0.7711953125 0.562015625 0.782609375 0.5432812499999999 0.782609375 0.5329453125
1 0.442934375 0.5426359374999999 0.4538046875 0.5452203124999999 0.4625 0.5310078125000001 0.4907609375 0.50904375 0.5016296875 0.50904375 0.5125 0.5012921875 0.5233703125 0.5038765625 0.532609375 0.4967703125 0.5309781250000001 0.48191249999999997 0.5005437500000001 0.479328125 0.4956515625 0.47351406249999994 0.5 0.4489671875 0.5206515625 0.43863125 0.5282609375 0.4205421875 0.5315218749999999 0.3972875 0.530434375 0.389534375 0.517390625 0.37403125 0.517390625 0.3546515625 0.5108703125 0.3430234375 0.507609375 0.3456078125 0.5097828125 0.362403125 0.49347812500000005 0.3843671875 0.48695625 0.41925 0.4771734375 0.4295859375 0.469565625 0.4489671875 0.45 0.47092968749999997 0.45108750000000003 0.509690625 0.43695625 0.5290703125 0.442934375 0.5426359374999999