1 0.6860921875 0.3141171875 0.6459359375 0.3164703125 0.6106765625 0.307059375 0.6101859375 0.32058749999999997 0.6067578124999999 0.3235296875 0.602840625 0.32 0.601371875 0.3288234375 0.62830625 0.3341171875 0.66160625 0.32705937500000004 0.674828125 0.33470625 0.6841328125 0.33529375 0.6944171875 0.32529375 0.6860921875 0.3141171875
1 0.5161609375 0.177059375 0.52056875 0.182353125 0.528403125 0.18 0.5279140625000001 0.1735296875 0.5323218749999999 0.17294062500000001 0.54554375 0.15470625 0.557296875 0.10058750000000001 0.555828125 0.0517640625 0.5494609374999999 0.052353125 0.54554375 0.07470625 0.53183125 0.09823593750000001 0.52889375 0.11588281250000002 0.53183125 0.122940625 0.5239953125000001 0.1335296875 0.5239953125000001 0.142940625 0.517140625 0.1464703125 0.5161609375 0.15470625 0.49069531250000004 0.1841171875 0.4853078125 0.2 0.47110624999999995 0.202940625 0.48237031249999995 0.207059375 0.4941234375 0.1964703125 0.4970609375 0.20352968749999997 0.501959375 0.1988234375 0.5058765625 0.20352968749999997 0.5097937499999999 0.197646875 0.5073453125 0.2088234375 0.51811875 0.1958828125 0.5142015625 0.18529374999999998 0.5161609375 0.177059375
1 0.5719875 0.3111765625 0.5778640625 0.3064703125 0.5763953125 0.2964703125 0.6087171875 0.28470625 0.6567093749999999 0.2482359375 0.687071875 0.2364703125 0.6934375 0.22529375 0.6860921875 0.21529375 0.6684625 0.21647031249999998 0.6234078125 0.2435296875 0.6155734374999999 0.2541171875 0.6038203125 0.25647031249999996 0.5964734375 0.24529375 0.6136140625000001 0.22000000000000003 0.636140625 0.2011765625 0.6557296874999999 0.192940625 0.670421875 0.1811765625 0.6758078125 0.1711765625 0.666503125 0.16941250000000002 0.6185109375 0.17882343750000002 0.5954953125 0.1994125 0.59255625 0.2158828125 0.58423125 0.2317640625 0.5724781250000001 0.23529375 0.5636625000000001 0.2482359375 0.545053125 0.26 0.5293828125 0.2588234375 0.5146921875 0.2635296875 0.5058765625 0.2482359375 0.49363437499999996 0.2405875 0.49167500000000003 0.2335296875 0.49853125 0.22764687499999997 0.4970609375 0.222353125 0.4804109375 0.222353125 0.4755140625 0.2141171875 0.4696375 0.22000000000000003 0.454946875 0.2188234375 0.4118515625 0.18470625000000002 0.39128281249999997 0.18 0.347209375 0.1541171875 0.3036234375 0.1511765625 0.29774687499999997 0.16529375 0.29774687499999997 0.17470625 0.303134375 0.18470625000000002 0.3697359375 0.1858828125 0.39128281249999997 0.20588281249999998 0.41380937500000003 0.21647031249999998 0.42213593749999995 0.23941249999999997 0.434378125 0.2517640625 0.4500484375 0.25647031249999996 0.4534765625 0.27 0.46278125000000003 0.2788234375 0.488246875 0.282353125 0.49314375000000005 0.3058828125 0.5333 0.3094125 0.5465234375 0.3194125 0.5724781250000001 0.32 0.5749265625 0.3158828125 0.5719875 0.3111765625
1 0.8898140625 0.3764703125 0.897159375 0.39235312499999997 0.905484375 0.39647031250000003 0.924584375 0.37470625 0.9216453124999999 0.362940625 0.9143000000000001 0.3564703125 0.8594515625 0.34823593750000004 0.8388828125 0.33529375 0.833496875 0.3394125 0.834965625 0.3541171875 0.7957890625 0.36470625 0.78305625 0.3635296875 0.7698328125 0.37705937500000003 0.80264375 0.3894125 0.812928125 0.3994125 0.8271296875 0.38470624999999997 0.8545546875 0.37294062499999997 0.8898140625 0.3764703125
1 0.4696375 1 0.486778125 0.9888234375 0.4887359375 0.9758828125000001 0.503428125 0.9523531249999999 0.5044078125 0.9394125000000001 0.52350625 0.9258828125 0.533790625 0.907646875 0.5465234375 0.8958828125 0.5416265625000001 0.8782359375000001 0.5465234375 0.86529375 0.5440750000000001 0.857646875 0.5333 0.8564703124999999 0.5298734375 0.8617640625 0.5298734375 0.8794124999999999 0.518609375 0.8858828125 0.5009796875 0.9082359375 0.4887359375 0.9135296875 0.47355468749999996 0.9588234375000001 0.4618015625 0.9588234375000001 0.44368281249999997 0.97 0.442703125 0.977059375 0.4476 0.98529375 0.4348671875 1 0.4696375 1
1 0.256121875 0.3058828125 0.25416249999999996 0.30117656249999997 0.2345734375 0.302353125 0.195396875 0.28470625 0.188540625 0.2858828125 0.1875609375 0.282353125 0.1998046875 0.2805875 0.1998046875 0.27235312500000003 0.19490625 0.27470625000000004 0.1914796875 0.257646875 0.188540625 0.267059375 0.18462343750000001 0.2635296875 0.1792359375 0.2664703125 0.179725 0.297646875 0.1944171875 0.30117656249999997 0.195396875 0.307059375 0.21008749999999998 0.3164703125 0.23163593750000003 0.31529375000000004 0.24583750000000001 0.3194125 0.27473125 0.3164703125 0.2791375 0.307646875 0.256121875 0.3058828125
1 0.2619984375 0.0305875 0.2649359375 0.0258828125 0.29823750000000004 0.027059375000000004 0.301665625 0.0194125 0.2571015625 0.0235296875 0.25661093749999997 0.00529375 0.251225 0.002353125 0.2345734375 0.0094125 0.22869687500000002 0.002353125 0.2179234375 0.0082359375 0.2149859375 0.002353125 0.21008749999999998 0.002353125 0.20078281250000002 0.0088234375 0.210578125 0.01470625 0.20568124999999998 0.0182359375 0.2061703125 0.02470625 0.22331093750000003 0.0335296875 0.22282031249999998 0.0482359375 0.2463265625 0.045882812499999995 0.249265625 0.0541171875 0.237021875 0.057059375 0.2536734375 0.06999999999999999 0.25661093749999997 0.067646875 0.2580796875 0.02470625 0.2619984375 0.0305875
1 0.2987265625 0.16529375 0.3055828125 0.1558828125 0.29578906250000003 0.1241171875 0.286484375 0.12 0.28109687499999997 0.10647031250000001 0.265915625 0.08941249999999999 0.25024531250000004 0.0764703125 0.2463265625 0.077646875 0.2345734375 0.0635296875 0.2149859375 0.052940625 0.1963765625 0.022353124999999998 0.1875609375 0.01529375 0.17825625 0.022940625 0.1714 0.0805875 0.1601375 0.0964703125 0.14054843749999998 0.1094125 0.11802187500000001 0.0917640625 0.1018609375 0.06999999999999999 0.0999015625 0.057059375 0.0901078125 0.042940624999999996 0.0817828125 0.0164703125 0.0700296875 0.017646875 0.0661109375 0.002353125 0.030362499999999997 0.00529375 0.030362499999999997 0.0335296875 0.02056875 0.042940624999999996 0.027423437499999998 0.047646875 0.026445312500000002 0.077059375 0.0524 0.1 0.0661109375 0.0988234375 0.0695390625 0.1135296875 0.0661109375 0.1211765625 0.054357812500000005 0.11647031249999999 0.044074999999999996 0.127646875 0.0524 0.15764687500000002 0.0661109375 0.16352968750000002 0.073946875 0.1588234375 0.0837421875 0.16 0.08961875 0.1705875 0.094025 0.16999999999999998 0.097453125 0.182353125 0.1047984375 0.1617640625 0.109696875 0.1605875 0.11067656249999999 0.1511765625 0.12095937500000001 0.1435296875 0.141528125 0.1411765625 0.1601375 0.14470624999999998 0.1660140625 0.15529375 0.1826640625 0.16470625 0.21890312500000003 0.1741171875 0.23359375 0.1941171875 0.2463265625 0.20352968749999997 0.2771796875 0.207646875 0.29970625 0.20176406249999998 0.30264375 0.1794125 0.2987265625 0.16529375
1 0.5494609374999999 0.73 0.5377078125 0.692353125 0.5225265625 0.6917640625 0.5176296875 0.6717640625 0.4970609375 0.6599999999999999 0.471596875 0.6599999999999999 0.457884375 0.647059375 0.43829531250000003 0.6458828125 0.4319296875 0.6511765625 0.434378125 0.6611765625 0.4539671875 0.6599999999999999 0.471596875 0.6741171875 0.49314375000000005 0.677646875 0.5093046875 0.692353125 0.5132218749999999 0.7241171875 0.49167500000000003 0.747646875 0.4941234375 0.7705875 0.5009796875 0.7717640625 0.518609375 0.762353125 0.5220374999999999 0.7582359375000001 0.5210578124999999 0.74529375 0.5313421875000001 0.742353125 0.557296875 0.77470625 0.5651328125 0.7735296875000001 0.567090625 0.7582359375000001 0.5494609374999999 0.73
1 0.9818875 0.5755953125 0.9629359375 0.5333953124999999 0.9778640624999999 0.503184375 0.962321875 0.46094375000000004 0.9536078124999999 0.4571421875 0.9592875 0.501671875 0.9454593750000001 0.45711874999999996 0.9667890625 0.42641875 0.9534609375 0.4272046875 0.9308265625000001 0.447621875 0.899721875 0.48155000000000003 0.9045484374999999 0.5218921875 0.9371015625 0.5675125000000001 0.9582859375 0.587203125 0.98220625 0.6292171875 0.97105625 0.6696171875 0.96360625 0.768175 0.9718125000000001 0.83726875 0.9967359374999999 0.8156859375 0.9975609375 0.8210296874999999 1 0.6102937500000001 0.9818875 0.5755953125
1 0.2130265625 0.6905875 0.20323281249999997 0.6941171875000001 0.1895203125 0.6799999999999999 0.17189062500000002 0.6694125 0.1601375 0.6705875 0.155240625 0.6599999999999999 0.14789375 0.6594125 0.14789375 0.67 0.140059375 0.6794125 0.14054843749999998 0.6882359375 0.1591578125 0.6929406250000001 0.18462343750000001 0.712940625 0.2042109375 0.7141171875000001 0.2115578125 0.7217640624999999 0.2193921875 0.7194125 0.2193921875 0.7005874999999999 0.2130265625 0.6905875
1 0.6777671875 0.8158828124999999 0.6684625 0.8094125 0.6571984375000001 0.8264703125 0.6611171875 0.8370593749999999 0.663075 0.8711765625 0.671890625 0.8782359375000001 0.6777671875 0.8758828125000001 0.6875609375 0.8441171875 0.6777671875 0.8158828124999999
1 0.775709375 0.3688234375 0.7566109375 0.347059375 0.7291875 0.33999999999999997 0.7164546875 0.3305875 0.71694375 0.3488234375 0.7453484375 0.3688234375 0.74436875 0.382940625 0.7482859375 0.38882343750000004 0.7634671875000001 0.377646875 0.7762 0.3788234375 0.775709375 0.3688234375
1 0.6537703125000001 0.3282359375 0.683153125 0.3388234375 0.6963765625 0.32529375 0.683153125 0.3117640625 0.64495625 0.3164703125 0.6047984375000001 0.302353125 0.59794375 0.3035296875 0.5852109375000001 0.317646875 0.5803140625000001 0.317646875 0.575415625 0.3105875 0.5680703125 0.31705937500000003 0.5695390625 0.3258828125 0.5935359375 0.3394125 0.6155734374999999 0.3341171875 0.6420171875 0.33647031250000003 0.6537703125000001 0.3282359375