1 0.3540640625 0.3164703125 0.3139078125 0.3141171875 0.3055828125 0.32529375 0.3158671875 0.33529375 0.325171875 0.33470625 0.33839375 0.32705937500000004 0.37169375 0.3341171875 0.398628125 0.3288234375 0.397159375 0.32 0.3932421875 0.3235296875 0.3898140625 0.32058749999999997 0.3893234375 0.307059375 0.3540640625 0.3164703125
1 0.5146921875 0.2 0.5093046875 0.1841171875 0.4838390625 0.15470625 0.482859375 0.1464703125 0.47600468749999997 0.142940625 0.47600468749999997 0.1335296875 0.46816874999999997 0.122940625 0.47110624999999995 0.11588281250000002 0.46816874999999997 0.09823593750000001 0.45445624999999995 0.07470625 0.45053906250000003 0.052353125 0.444171875 0.0517640625 0.442703125 0.10058750000000001 0.45445624999999995 0.15470625 0.46767812500000006 0.17294062500000001 0.4720859375 0.1735296875 0.471596875 0.18 0.47943125000000003 0.182353125 0.4838390625 0.177059375 0.4857984375 0.18529374999999998 0.48188125 0.1958828125 0.49265468749999997 0.2088234375 0.49020625000000007 0.197646875 0.4941234375 0.20352968749999997 0.49804062499999996 0.1988234375 0.5029390625 0.20352968749999997 0.5058765625 0.1964703125 0.5176296875 0.207059375 0.52889375 0.202940625 0.5146921875 0.2
1 0.5778640625 0.23941249999999997 0.586190625 0.21647031249999998 0.6087171875 0.20588281249999998 0.6302640625 0.1858828125 0.696865625 0.18470625000000002 0.702253125 0.17470625 0.702253125 0.16529375 0.6963765625 0.1511765625 0.652790625 0.1541171875 0.6087171875 0.18 0.5881484375 0.18470625000000002 0.545053125 0.2188234375 0.5303625000000001 0.22000000000000003 0.5244859374999999 0.2141171875 0.5195890624999999 0.222353125 0.5029390625 0.222353125 0.50146875 0.22764687499999997 0.5083249999999999 0.2335296875 0.506365625 0.2405875 0.4941234375 0.2482359375 0.4853078125 0.2635296875 0.4706171875 0.2588234375 0.454946875 0.26 0.43633749999999993 0.2482359375 0.42752187499999994 0.23529375 0.41576874999999996 0.2317640625 0.40744375 0.2158828125 0.40450468749999996 0.1994125 0.3814890625 0.17882343750000002 0.33349687499999997 0.16941250000000002 0.3241921875 0.1711765625 0.329578125 0.1811765625 0.3442703125 0.192940625 0.363859375 0.2011765625 0.3863859375 0.22000000000000003 0.4035265625 0.24529375 0.3961796875 0.25647031249999996 0.38442656249999996 0.2541171875 0.3765921875 0.2435296875 0.3315375 0.21647031249999998 0.3139078125 0.21529375 0.30656249999999996 0.22529375 0.312928125 0.2364703125 0.34329062499999996 0.2482359375 0.39128281249999997 0.28470625 0.4236046875 0.2964703125 0.42213593749999995 0.3064703125 0.4280125 0.3111765625 0.42507343750000004 0.3158828125 0.42752187499999994 0.32 0.4534765625 0.3194125 0.4667 0.3094125 0.50685625 0.3058828125 0.511753125 0.282353125 0.53721875 0.2788234375 0.5465234375 0.27 0.5499515625 0.25647031249999996 0.5656218749999999 0.2517640625 0.5778640625 0.23941249999999997
1 0.14054843749999998 0.34823593750000004 0.0857 0.3564703125 0.07835468749999999 0.362940625 0.075415625 0.37470625 0.094515625 0.39647031250000003 0.10284062499999999 0.39235312499999997 0.11018593750000001 0.3764703125 0.14544531249999998 0.37294062499999997 0.1728703125 0.38470624999999997 0.187071875 0.3994125 0.19735625 0.3894125 0.23016718749999998 0.37705937500000003 0.21694375 0.3635296875 0.2042109375 0.36470625 0.165034375 0.3541171875 0.166503125 0.3394125 0.16111718749999998 0.33529375 0.14054843749999998 0.34823593750000004
1 0.5651328125 1 0.5524 0.98529375 0.557296875 0.977059375 0.5563171875 0.97 0.5381984375 0.9588234375000001 0.5264453125 0.9588234375000001 0.5112640625 0.9135296875 0.4990203125 0.9082359375 0.48139062499999996 0.8858828125 0.47012656249999996 0.8794124999999999 0.47012656249999996 0.8617640625 0.4667 0.8564703124999999 0.45592499999999997 0.857646875 0.4534765625 0.86529375 0.4583734375 0.8782359375000001 0.4534765625 0.8958828125 0.46620937500000004 0.907646875 0.47649375000000005 0.9258828125 0.49559218749999995 0.9394125000000001 0.496571875 0.9523531249999999 0.5112640625 0.9758828125000001 0.5132218749999999 0.9888234375 0.5303625000000001 1 0.5651328125 1
1 0.8114593749999999 0.267059375 0.8085203125 0.257646875 0.8050937499999999 0.27470625000000004 0.8001953125 0.27235312500000003 0.8001953125 0.2805875 0.8124390625 0.282353125 0.8114593749999999 0.2858828125 0.8046031250000001 0.28470625 0.7654265625 0.302353125 0.7458375 0.30117656249999997 0.743878125 0.3058828125 0.7208625 0.307646875 0.72526875 0.3164703125 0.7541625 0.3194125 0.7683640625 0.31529375000000004 0.7899125 0.3164703125 0.8046031250000001 0.307059375 0.8055828125 0.30117656249999997 0.820275 0.297646875 0.8207640625 0.2664703125 0.8153765625 0.2635296875 0.8114593749999999 0.267059375
1 0.789421875 0.01470625 0.7992171875 0.0088234375 0.7899125 0.002353125 0.7850140624999999 0.002353125 0.7820765625 0.0082359375 0.771303125 0.002353125 0.7654265625 0.0094125 0.748775 0.002353125 0.7433890625 0.00529375 0.7428984375 0.0235296875 0.6983343750000001 0.0194125 0.7017625 0.027059375000000004 0.7350640625 0.0258828125 0.7380015625 0.0305875 0.7419203125 0.02470625 0.7433890625 0.067646875 0.7463265625 0.06999999999999999 0.762978125 0.057059375 0.7507343750000001 0.0541171875 0.7536734375 0.045882812499999995 0.7771796875 0.0482359375 0.7766890625 0.0335296875 0.7938296874999999 0.02470625 0.79431875 0.0182359375 0.789421875 0.01470625
1 0.879040625 0.1435296875 0.8893234375000001 0.1511765625 0.890303125 0.1605875 0.8952015624999999 0.1617640625 0.902546875 0.182353125 0.905975 0.16999999999999998 0.91038125 0.1705875 0.9162578124999999 0.16 0.9260531249999999 0.1588234375 0.9338890624999999 0.16352968750000002 0.9476000000000001 0.15764687500000002 0.955925 0.127646875 0.9456421875000001 0.11647031249999999 0.9338890624999999 0.1211765625 0.9304609375 0.1135296875 0.9338890624999999 0.0988234375 0.9476000000000001 0.1 0.9735546875000001 0.077059375 0.9725765624999999 0.047646875 0.97943125 0.042940624999999996 0.9696374999999999 0.0335296875 0.9696374999999999 0.00529375 0.9338890624999999 0.002353125 0.9299703125000001 0.017646875 0.9182171875 0.0164703125 0.9098921875 0.042940624999999996 0.9000984375 0.057059375 0.8981390625 0.06999999999999999 0.8819781250000001 0.0917640625 0.8594515625 0.1094125 0.8398625 0.0964703125 0.8286 0.0805875 0.8217437500000001 0.022940625 0.8124390625 0.01529375 0.8036234375 0.022353124999999998 0.7850140624999999 0.052940625 0.7654265625 0.0635296875 0.7536734375 0.077646875 0.7497546875000001 0.0764703125 0.734084375 0.08941249999999999 0.718903125 0.10647031250000001 0.713515625 0.12 0.7042109375 0.1241171875 0.6944171875 0.1558828125 0.7012734375 0.16529375 0.69735625 0.1794125 0.7002937499999999 0.20176406249999998 0.7228203125 0.207646875 0.7536734375 0.20352968749999997 0.76640625 0.1941171875 0.781096875 0.1741171875 0.8173359375 0.16470625 0.8339859374999999 0.15529375 0.8398625 0.14470624999999998 0.858471875 0.1411765625 0.879040625 0.1435296875
1 0.486778125 0.7241171875 0.49069531250000004 0.692353125 0.50685625 0.677646875 0.528403125 0.6741171875 0.5460328125 0.6599999999999999 0.5656218749999999 0.6611765625 0.5680703125 0.6511765625 0.5617046875 0.6458828125 0.542115625 0.647059375 0.528403125 0.6599999999999999 0.5029390625 0.6599999999999999 0.48237031249999995 0.6717640625 0.47747343750000004 0.6917640625 0.4622921875 0.692353125 0.45053906250000003 0.73 0.43290937500000004 0.7582359375000001 0.4348671875 0.7735296875000001 0.442703125 0.77470625 0.46865781249999994 0.742353125 0.47894218750000006 0.74529375 0.4779625 0.7582359375000001 0.48139062499999996 0.762353125 0.4990203125 0.7717640625 0.5058765625 0.7705875 0.5083249999999999 0.747646875 0.486778125 0.7241171875
1 0.100278125 0.48155000000000003 0.0691734375 0.447621875 0.0465390625 0.4272046875 0.033210937499999996 0.42641875 0.054540624999999995 0.45711874999999996 0.0407125 0.501671875 0.0463921875 0.4571421875 0.037678125 0.46094375000000004 0.0221359375 0.503184375 0.0370640625 0.5333953124999999 0.0181125 0.5755953125 0 0.6102937500000001 0.0024390625 0.8210296874999999 0.0032640625 0.8156859375 0.028187499999999997 0.83726875 0.03639375 0.768175 0.02894375 0.6696171875 0.01779375 0.6292171875 0.041714062499999996 0.587203125 0.0628984375 0.5675125000000001 0.0954515625 0.5218921875 0.100278125 0.48155000000000003
1 0.844759375 0.6599999999999999 0.8398625 0.6705875 0.828109375 0.6694125 0.8104796875 0.6799999999999999 0.7967671875 0.6941171875000001 0.7869734375 0.6905875 0.7806078125 0.7005874999999999 0.7806078125 0.7194125 0.7884421875000001 0.7217640624999999 0.7957890625 0.7141171875000001 0.8153765625 0.712940625 0.8408421875000001 0.6929406250000001 0.8594515625 0.6882359375 0.8599406249999999 0.6794125 0.85210625 0.67 0.85210625 0.6594125 0.844759375 0.6599999999999999
1 0.32810937500000004 0.8782359375000001 0.33692500000000003 0.8711765625 0.33888281249999996 0.8370593749999999 0.3428015625 0.8264703125 0.3315375 0.8094125 0.3222328125 0.8158828124999999 0.31243906250000003 0.8441171875 0.3222328125 0.8758828125000001 0.32810937500000004 0.8782359375000001
1 0.2238 0.3788234375 0.2365328125 0.377646875 0.2517140625 0.38882343750000004 0.25563125000000003 0.382940625 0.2546515625 0.3688234375 0.28305625 0.3488234375 0.2835453125 0.3305875 0.2708125 0.33999999999999997 0.2433890625 0.347059375 0.224290625 0.3688234375 0.2238 0.3788234375
1 0.35504375 0.3164703125 0.31684687500000003 0.3117640625 0.3036234375 0.32529375 0.31684687500000003 0.3388234375 0.3462296875 0.3282359375 0.3579828125 0.33647031250000003 0.38442656249999996 0.3341171875 0.4064640625 0.3394125 0.43046093750000003 0.3258828125 0.4319296875 0.31705937500000003 0.42458437499999996 0.3105875 0.4196859375 0.317646875 0.41478906249999997 0.317646875 0.40205624999999995 0.3035296875 0.3952015625 0.302353125 0.35504375 0.3164703125