1 0.606959375 0.2286375 0.6576453124999999 0.21131562499999998 0.6808421874999999 0.20900625 0.6769765624999999 0.1564671875 0.6602234375 0.152425 0.6516328125 0.159353125 0.6387453125 0.159353125 0.612971875 0.152425 0.6065296874999999 0.14838281250000002 0.6061 0.1374140625 0.594071875 0.13394843750000002 0.5820453125 0.1443421875 0.5674406249999999 0.1431875 0.545103125 0.150115625 0.5081609375 0.176675 0.47465624999999995 0.18937656249999998 0.47465624999999995 0.19630468750000002 0.49355625 0.21016093749999998 0.5098796875 0.19284062500000002 0.5485390625 0.1720546875 0.5640031249999999 0.1697453125 0.5833328125 0.1841796875 0.5867703125 0.20381093749999998 0.5622859375 0.22401875000000002 0.5390890625 0.2586609375 0.530928125 0.26385625 0.5274921875 0.27425 0.5403781249999999 0.2846421875 0.5476796875 0.282909375 0.5614265625 0.26558906250000003 0.606959375 0.2286375
1 0.69759375 0.31235625 0.711340625 0.27540468749999997 0.7096218750000001 0.268475 0.7121999999999999 0.2627015625 0.716925 0.25750625 0.7212203125000001 0.2713625 0.72165 0.2650109375 0.7336765625 0.247690625 0.7306703125 0.24133906249999998 0.704896875 0.23325625 0.6967359375 0.23845312500000002 0.662371875 0.3019625 0.6615125 0.32159375 0.6692437499999999 0.3296765625 0.67740625 0.3244796875 0.6868562500000001 0.32563437500000003 0.69759375 0.31235625
1 0.489690625 0.7569281250000001 0.496134375 0.7390296875 0.5700171875 0.7090062500000001 0.5790375 0.7130484375 0.579896875 0.73614375 0.5897765625 0.7424937500000001 0.595790625 0.755196875 0.6056703125 0.7511546874999999 0.6056703125 0.71189375 0.6082468750000001 0.6772515625 0.6125421875 0.666859375 0.6151203125 0.6183609375 0.6030921874999999 0.5848734375 0.6065296874999999 0.5721703125000001 0.6056703125 0.5363734375 0.5970796875 0.528290625 0.598796875 0.500578125 0.595790625 0.4769046875 0.5880578125 0.4792140625 0.5859109375 0.4844109375 0.587628125 0.5560046875 0.591925 0.5698609375 0.5859109375 0.5802546875 0.5841921875 0.5964203125 0.578178125 0.60219375 0.5807562500000001 0.6553125 0.552834375 0.69515 0.5485390625 0.6963046875 0.4918390625 0.7009234375 0.4729375 0.683603125 0.46434687500000005 0.68129375 0.4570453125 0.695728125 0.4587625 0.7038109375 0.4544671875 0.73036875 0.4639171875 0.7407625 0.469071875 0.7569281250000001 0.47938125 0.7707859375 0.4845359375 0.7673203125 0.4853953125 0.7592375 0.489690625 0.7569281250000001
1 0.5867703125 0.4012703125 0.5790375 0.39549687499999997 0.5773203125 0.3874140625 0.5790375 0.37124687500000003 0.5975078125 0.3799078125 0.6000859375 0.3868359375 0.6086765625 0.38568125000000003 0.6116843750000001 0.37355625 0.5979375 0.3585453125 0.5983671875 0.35219374999999997 0.5914953125 0.3510390625 0.576890625 0.3383375 0.582475 0.3319859375 0.575171875 0.3302546875 0.565721875 0.3198609375 0.5575593750000001 0.3008078125 0.5485390625 0.29676718750000003 0.5442437499999999 0.2863734375 0.533075 0.2840640625 0.5219078125000001 0.2725171875 0.505584375 0.27598124999999996 0.4974234375 0.295034375 0.49570468749999996 0.3088921875 0.489690625 0.316975 0.49055 0.32159375 0.5081609375 0.33371875 0.5133156249999999 0.3348734375 0.5176109375 0.3302546875 0.5189 0.337759375 0.5257734375 0.3446875 0.54896875 0.3897234375 0.565721875 0.4041578125 0.5833328125 0.4324484375 0.5884875 0.4324484375 0.5884875 0.4220546875 0.5867703125 0.4012703125
1 0.31658125 0.36374062500000004 0.29767968749999996 0.3556578125 0.29295468750000003 0.36431874999999997 0.3019765625 0.3683609375 0.3144328125 0.390878125 0.320446875 0.438221875 0.3333328125 0.42898437500000003 0.329896875 0.3874140625 0.31658125 0.36374062500000004
1 0.279209375 0.5271359375 0.288659375 0.5132796875000001 0.2912375 0.500578125 0.29295468750000003 0.4659359375 0.288659375 0.40011562500000003 0.2938140625 0.38625937499999996 0.2916671875 0.37875312499999997 0.2822171875 0.39260937500000004 0.27190781249999996 0.39376406249999996 0.262028125 0.4116625 0.25773125 0.471709375 0.2628859375 0.47286406249999996 0.262028125 0.5398390625 0.2663234375 0.5513859375 0.27018906249999997 0.5519624999999999 0.2757734375 0.543303125 0.279209375 0.5271359375
1 0.325171875 0.7436484375 0.29767968749999996 0.7321015625 0.2908078125 0.7182453125 0.2779203125 0.717090625 0.2723375 0.71189375 0.2774921875 0.6922625 0.2731953125 0.676096875 0.2731953125 0.6541578125 0.293384375 0.6535796875 0.3372 0.668590625 0.34450156249999997 0.6414546875 0.3217359375 0.6224015625 0.2865125 0.6073906250000001 0.272765625 0.5969984375 0.24269687499999998 0.592378125 0.22938125 0.6299078125 0.22766250000000002 0.666859375 0.23754218749999997 0.674365625 0.239690625 0.680715625 0.2250859375 0.7015015625000001 0.23024062500000003 0.7269046875 0.24183906249999998 0.7367203124999999 0.25300625 0.7332562499999999 0.2581609375 0.7459578125 0.262028125 0.731525 0.26675312500000004 0.7274828125 0.2899484375 0.749421875 0.3019765625 0.744803125 0.32603125 0.7528875 0.33247499999999997 0.7603921875 0.3384875 0.7476906249999999 0.336340625 0.7413390625 0.325171875 0.7436484375
1 0.39561875 0.7898390625 0.40034375000000005 0.7834875 0.401203125 0.76963125 0.4115125 0.75 0.40850468749999996 0.744803125 0.39561875 0.7413390625 0.3818734375 0.7482671875 0.37156406249999996 0.7471125 0.35781718749999997 0.7540421875 0.3453609375 0.768475 0.3483671875 0.77598125 0.3689859375 0.778290625 0.379725 0.7892609375 0.38359062499999996 0.782909375 0.3913234375 0.7840640624999999 0.39561875 0.7898390625
1 0.30240625 0.2800234375 0.29896875 0.26385625 0.30412343750000004 0.247690625 0.3006875 0.1980375 0.29553281249999996 0.17494218749999998 0.2963921875 0.1541578125 0.2779203125 0.12355624999999999 0.2598796875 0.1062359375 0.23410625000000002 0.07159375 0.214346875 0.058892187500000005 0.20876250000000002 0.0744796875 0.2130578125 0.0894921875 0.20360781249999998 0.0987296875 0.20962187499999999 0.121825 0.2195015625 0.1270203125 0.226375 0.13856875 0.2590203125 0.152425 0.2731953125 0.1680140625 0.2843640625 0.1945734375 0.2843640625 0.2061203125 0.279209375 0.21651250000000002 0.28951875 0.22459531250000003 0.2946734375 0.2580828125 0.28951875 0.268475 0.28951875 0.3019625 0.2938140625 0.3008078125 0.2946734375 0.2915703125 0.30240625 0.2800234375
1 0.28092812500000003 0.9208999999999999 0.260309375 0.8920328124999999 0.27061875 0.8700921875000001 0.27018906249999997 0.8637406249999999 0.24269687499999998 0.874134375 0.2220796875 0.8568125 0.203178125 0.85219375 0.1885734375 0.8591218749999999 0.179553125 0.8700921875000001 0.1761171875 0.8862593750000001 0.17998281249999998 0.8833718749999999 0.18213125 0.8862593750000001 0.177834375 0.8908781250000001 0.18341875000000002 0.8937640625000001 0.1877140625 0.8752890624999999 0.21520625 0.8706703125 0.226375 0.87644375 0.2345359375 0.8862593750000001 0.237971875 0.9116625 0.25 0.9324484375000001 0.268040625 0.9451499999999999 0.276203125 0.9445734375000001 0.2835046875 0.933603125 0.28092812500000003 0.9208999999999999
1 0.5012890624999999 0.9526562500000001 0.5287796874999999 0.9457281249999999 0.552834375 0.9491921874999999 0.5601375 0.9439953125 0.5609968750000001 0.9370671875 0.55369375 0.9191687500000001 0.5399484375 0.9203234374999999 0.533075 0.9157046875000001 0.52534375 0.8995374999999999 0.49012031250000004 0.9284062499999999 0.4686421875 0.9341796875 0.46520625000000004 0.8891453125 0.459621875 0.8966515625 0.451890625 0.938221875 0.4493125 0.9566968749999999 0.45274843750000004 0.9694 0.4493125 0.9844109375000001 0.48152968749999997 0.9607390625000001 0.4909796875 0.9607390625000001 0.5012890624999999 0.9526562500000001
1 0.8999140625000001 1 0.8994843749999999 0.9844109375000001 0.89089375 0.9601609375000001 0.87328125 0.933025 0.8483671875000001 0.9087765624999999 0.8238828125 0.9232109375 0.8230234375000001 0.9301390625 0.8346218750000001 0.9491921874999999 0.8423546875 0.9422625 0.8681265625 0.9665125 0.8857390625000001 1 0.8999140625000001 1
1 0.8470796875 0.6553125 0.8402062499999999 0.637990625 0.8346218750000001 0.63279375 0.8152921875000001 0.6391453125 0.828178125 0.6657046875 0.829896875 0.6911078125000001 0.8402062499999999 0.7015015625000001 0.8264609374999999 0.7165125 0.8247421875000001 0.7222859374999999 0.83075625 0.72575 0.8436421875000001 0.7176671875 0.851375 0.6841796875 0.8470796875 0.6553125