1 0.4514609375 0.1720546875 0.49012031250000004 0.19284062500000002 0.5064437500000001 0.21016093749999998 0.52534375 0.19630468750000002 0.52534375 0.18937656249999998 0.4918390625 0.176675 0.45489687500000003 0.150115625 0.432559375 0.1431875 0.4179546875 0.1443421875 0.405928125 0.13394843750000002 0.39390000000000003 0.1374140625 0.3934703125 0.14838281250000002 0.387028125 0.152425 0.3612546875 0.159353125 0.3483671875 0.159353125 0.3397765625 0.152425 0.3230234375 0.1564671875 0.31915781249999997 0.20900625 0.3423546875 0.21131562499999998 0.393040625 0.2286375 0.4385734375 0.26558906250000003 0.45232031250000004 0.282909375 0.459621875 0.2846421875 0.47250781249999996 0.27425 0.469071875 0.26385625 0.4609109375 0.2586609375 0.4377140625 0.22401875000000002 0.4132296875 0.20381093749999998 0.4166671875 0.1841796875 0.435996875 0.1697453125 0.4514609375 0.1720546875
1 0.27877968750000004 0.2713625 0.283075 0.25750625 0.2878 0.2627015625 0.29037812500000004 0.268475 0.288659375 0.27540468749999997 0.30240625 0.31235625 0.31314375 0.32563437500000003 0.32259375 0.3244796875 0.33075625 0.3296765625 0.3384875 0.32159375 0.337628125 0.3019625 0.3032640625 0.23845312500000002 0.295103125 0.23325625 0.2693296875 0.24133906249999998 0.2663234375 0.247690625 0.27835 0.2650109375 0.27877968750000004 0.2713625
1 0.5081609375 0.7009234375 0.4514609375 0.6963046875 0.44716562499999996 0.69515 0.41924374999999997 0.6553125 0.421821875 0.60219375 0.41580781250000004 0.5964203125 0.4140890625 0.5802546875 0.408075 0.5698609375 0.412371875 0.5560046875 0.4140890625 0.4844109375 0.41194218749999995 0.4792140625 0.40420937500000004 0.4769046875 0.401203125 0.500578125 0.40292031250000004 0.528290625 0.3943296875 0.5363734375 0.3934703125 0.5721703125000001 0.39690781249999996 0.5848734375 0.3848796875 0.6183609375 0.3874578125 0.666859375 0.39175312500000004 0.6772515625 0.3943296875 0.71189375 0.3943296875 0.7511546874999999 0.40420937500000004 0.755196875 0.4102234375 0.7424937500000001 0.42010312499999997 0.73614375 0.4209625 0.7130484375 0.42998281250000003 0.7090062500000001 0.503865625 0.7390296875 0.5103093750000001 0.7569281250000001 0.5146046875 0.7592375 0.5154640625 0.7673203125 0.52061875 0.7707859375 0.530928125 0.7569281250000001 0.5360828125 0.7407625 0.5455328125000001 0.73036875 0.5412375 0.7038109375 0.5429546875 0.695728125 0.535653125 0.68129375 0.5270625 0.683603125 0.5081609375 0.7009234375
1 0.50945 0.32159375 0.5103093750000001 0.316975 0.5042953125 0.3088921875 0.5025765625 0.295034375 0.49441562499999997 0.27598124999999996 0.4780921875 0.2725171875 0.466925 0.2840640625 0.45575625000000003 0.2863734375 0.4514609375 0.29676718750000003 0.442440625 0.3008078125 0.43427812499999996 0.3198609375 0.424828125 0.3302546875 0.41752500000000003 0.3319859375 0.423109375 0.3383375 0.40850468749999996 0.3510390625 0.40163281250000005 0.35219374999999997 0.4020625 0.3585453125 0.388315625 0.37355625 0.3913234375 0.38568125000000003 0.3999140625 0.3868359375 0.40249218750000004 0.3799078125 0.4209625 0.37124687500000003 0.42267968749999996 0.3874140625 0.4209625 0.39549687499999997 0.4132296875 0.4012703125 0.4115125 0.4220546875 0.4115125 0.4324484375 0.4166671875 0.4324484375 0.43427812499999996 0.4041578125 0.45103125000000005 0.3897234375 0.4742265625 0.3446875 0.48109999999999997 0.337759375 0.48238906249999997 0.3302546875 0.486684375 0.3348734375 0.4918390625 0.33371875 0.50945 0.32159375
1 0.679553125 0.438221875 0.6855671875 0.390878125 0.6980234375000001 0.3683609375 0.7070453125 0.36431874999999997 0.7023203125 0.3556578125 0.68341875 0.36374062500000004 0.670103125 0.3874140625 0.6666671875 0.42898437500000003 0.679553125 0.438221875
1 0.7061859375 0.38625937499999996 0.711340625 0.40011562500000003 0.7070453125 0.4659359375 0.7087625 0.500578125 0.711340625 0.5132796875000001 0.720790625 0.5271359375 0.7242265625 0.543303125 0.7298109375 0.5519624999999999 0.7336765625 0.5513859375 0.737971875 0.5398390625 0.7371140625 0.47286406249999996 0.74226875 0.471709375 0.737971875 0.4116625 0.7280921874999999 0.39376406249999996 0.7177828125 0.39260937500000004 0.7083328125 0.37875312499999997 0.7061859375 0.38625937499999996
1 0.7581609375 0.7367203124999999 0.769759375 0.7269046875 0.7749140625 0.7015015625000001 0.7603093750000001 0.680715625 0.7624578125 0.674365625 0.7723375 0.666859375 0.77061875 0.6299078125 0.757303125 0.592378125 0.727234375 0.5969984375 0.7134875 0.6073906250000001 0.6782640625 0.6224015625 0.6554984375 0.6414546875 0.6628000000000001 0.668590625 0.706615625 0.6535796875 0.7268046874999999 0.6541578125 0.7268046874999999 0.676096875 0.7225078125 0.6922625 0.7276625 0.71189375 0.7220796875 0.717090625 0.7091921875 0.7182453125 0.7023203125 0.7321015625 0.674828125 0.7436484375 0.663659375 0.7413390625 0.6615125 0.7476906249999999 0.667525 0.7603921875 0.67396875 0.7528875 0.6980234375000001 0.744803125 0.7100515625 0.749421875 0.7332468750000001 0.7274828125 0.737971875 0.731525 0.7418390625 0.7459578125 0.74699375 0.7332562499999999 0.7581609375 0.7367203124999999
1 0.5914953125 0.744803125 0.5884875 0.75 0.598796875 0.76963125 0.59965625 0.7834875 0.60438125 0.7898390625 0.6086765625 0.7840640624999999 0.616409375 0.782909375 0.620275 0.7892609375 0.6310140625 0.778290625 0.6516328125 0.77598125 0.6546390625 0.768475 0.6421828125 0.7540421875 0.6284359375 0.7471125 0.6181265625 0.7482671875 0.60438125 0.7413390625 0.5914953125 0.744803125
1 0.7409796875 0.152425 0.773625 0.13856875 0.7804984375 0.1270203125 0.7903781249999999 0.121825 0.7963921875 0.0987296875 0.7869421875 0.0894921875 0.7912375 0.0744796875 0.785653125 0.058892187500000005 0.76589375 0.07159375 0.7401203125 0.1062359375 0.7220796875 0.12355624999999999 0.7036078125 0.1541578125 0.7044671874999999 0.17494218749999998 0.6993125 0.1980375 0.6958765625 0.247690625 0.70103125 0.26385625 0.69759375 0.2800234375 0.7053265625 0.2915703125 0.7061859375 0.3008078125 0.7104812500000001 0.3019625 0.7104812500000001 0.268475 0.7053265625 0.2580828125 0.7104812500000001 0.22459531250000003 0.720790625 0.21651250000000002 0.7156359375 0.2061203125 0.7156359375 0.1945734375 0.7268046874999999 0.1680140625 0.7409796875 0.152425
1 0.822165625 0.8908781250000001 0.81786875 0.8862593750000001 0.8200171875000001 0.8833718749999999 0.8238828125 0.8862593750000001 0.820446875 0.8700921875000001 0.8114265625 0.8591218749999999 0.796821875 0.85219375 0.7779203125 0.8568125 0.757303125 0.874134375 0.7298109375 0.8637406249999999 0.72938125 0.8700921875000001 0.7396906249999999 0.8920328124999999 0.719071875 0.9208999999999999 0.7164953125 0.933603125 0.723796875 0.9445734375000001 0.731959375 0.9451499999999999 0.75 0.9324484375000001 0.762028125 0.9116625 0.7654640625 0.8862593750000001 0.773625 0.87644375 0.78479375 0.8706703125 0.8122859375000001 0.8752890624999999 0.8165812499999999 0.8937640625000001 0.822165625 0.8908781250000001
1 0.47465624999999995 0.8995374999999999 0.466925 0.9157046875000001 0.4600515625 0.9203234374999999 0.44630625 0.9191687500000001 0.439003125 0.9370671875 0.4398625 0.9439953125 0.44716562499999996 0.9491921874999999 0.4712203125 0.9457281249999999 0.4987109375 0.9526562500000001 0.5090203125 0.9607390625000001 0.5184703125000001 0.9607390625000001 0.5506875 0.9844109375000001 0.5472515625 0.9694 0.5506875 0.9566968749999999 0.548109375 0.938221875 0.5403781249999999 0.8966515625 0.53479375 0.8891453125 0.5313578125 0.9341796875 0.5098796875 0.9284062499999999 0.47465624999999995 0.8995374999999999
1 0.11426093749999999 1 0.1318734375 0.9665125 0.1576453125 0.9422625 0.165378125 0.9491921874999999 0.1769765625 0.9301390625 0.1761171875 0.9232109375 0.1516328125 0.9087765624999999 0.12671875 0.933025 0.10910625 0.9601609375000001 0.100515625 0.9844109375000001 0.10008593750000001 1 0.11426093749999999 1
1 0.15979375 0.637990625 0.1529203125 0.6553125 0.148625 0.6841796875 0.1563578125 0.7176671875 0.16924375 0.72575 0.1752578125 0.7222859374999999 0.1735390625 0.7165125 0.15979375 0.7015015625000001 0.170103125 0.6911078125000001 0.17182187499999999 0.6657046875 0.18470781249999998 0.6391453125 0.165378125 0.63279375 0.15979375 0.637990625