1 0.27434375 0.8545125 0.2794234375 0.8521375000000001 0.2790015625 0.8052250000000001 0.270109375 0.818884375 0.2692640625 0.8307593750000001 0.25825624999999997 0.8640140625000001 0.259103125 0.875890625 0.24978906250000002 0.8913296875000001 0.24978906250000002 0.89726875 0.22565624999999997 0.9228031250000001 0.2154953125 0.9418046875 0.20618124999999998 0.94893125 0.2049109375 0.9602140625000001 0.2154953125 0.9560562499999999 0.22480937499999998 0.9382421875 0.24894218750000002 0.9150828125 0.2519046875 0.901425 0.2633359375 0.8948937499999999 0.2650296875 0.877078125 0.27095625 0.869953125 0.27434375 0.8545125
1 0.9161734375 0.0825421875 0.9191359374999999 0.0866984375 0.9259109375 0.0950125 0.9453859375 0.0950125 0.9521593749999999 0.10095000000000001 0.95596875 0.1098578125 0.956815625 0.127671875 0.9678234375000001 0.1347984375 0.971634375 0.14964375000000002 0.98221875 0.1538 0.98221875 0.14905 0.9695171874999999 0.1347984375 0.9669765625 0.1110453125 0.9712109375000001 0.10510625 0.948771875 0.068884375 0.9276031250000001 0.0605703125 0.9178656249999999 0.0671015625 0.9161734375 0.0825421875
1 0.5143953125 0.6306406250000001 0.4864515625 0.6377671874999999 0.465284375 0.6591453125 0.45258281250000004 0.6805218749999999 0.43988125 0.6912109375 0.42802656250000004 0.7125890625 0.41447968749999997 0.723278125 0.3895 0.726246875 0.41236249999999997 0.7345609375000001 0.4356484375 0.7173390625 0.47375156250000006 0.6650828125 0.4864515625 0.65320625 0.502540625 0.6413296875000001 0.538103125 0.6294531250000001 0.5486875 0.6169828125000001 0.54064375 0.6163890624999999 0.5143953125 0.6306406250000001
1 0.9098218749999999 0.5855109374999999 0.9428453125 0.5914484375 0.9589328125 0.6163890624999999 0.984759375 0.6217343750000001 0.9915328125 0.6062953125 0.986028125 0.5973875 0.9411515625 0.580759375 0.9377640625 0.572446875 0.9259109375 0.572446875 0.9064359375000001 0.5629453125 0.8950046875 0.5671015625 0.9098218749999999 0.5855109374999999
1 0.1994078125 0.7090265625 0.1807796875 0.7007125000000001 0.1786625 0.7048687499999999 0.19644375 0.728621875 0.1934796875 0.7434671875000001 0.1693484375 0.7606890625 0.16850156249999998 0.7654390624999999 0.1731578125 0.771971875 0.1820484375 0.773753125 0.1951734375 0.7648453125 0.20533437499999999 0.74821875 0.2358171875 0.75296875 0.23793437499999998 0.7488125 0.23454687500000002 0.730996875 0.23158281249999998 0.726840625 0.20787499999999998 0.722090625 0.1994078125 0.7090265625
1 0.10880625 0.9869359375 0.0939875 0.9625890625 0.0922953125 0.9328984374999999 0.083403125 0.9192406249999999 0.072396875 0.9239906250000001 0.0605421875 0.9418046875 0.04403125 0.9507125000000001 0.047840625 0.9679328125 0.06985625 0.9667453125 0.085096875 0.9881234375 0.1206609375 0.9988125 0.174428125 0.99940625 0.190940625 0.9928734374999999 0.19305624999999998 0.9827796875000001 0.18924687499999998 0.979809375 0.18670625000000002 0.9857484375000001 0.1740046875 0.9893109375 0.168925 0.9952500000000001 0.12828124999999999 0.9940625000000001 0.10880625 0.9869359375
1 0.9259109375 0.44774375 0.9521593749999999 0.46199531250000003 0.9572390625 0.475059375 0.9826421875 0.4869359375 0.9902625 0.5011875 1 0.50296875 0.9987296875 0.45605624999999994 0.9419984375 0.4370546875 0.8941578124999999 0.3830171875 0.8924640625 0.39845625 0.8954281249999999 0.41448906250000006 0.9072812499999999 0.4180515625 0.9102453125000001 0.429334375 0.9259109375 0.44774375
1 0.8056734375 0.0962 0.7904312499999999 0.098575 0.784928125 0.10273125000000001 0.78069375 0.12054687500000001 0.76799375 0.1383609375 0.7688406249999999 0.151425 0.781540625 0.1621140625 0.781540625 0.1882421875 0.7764609375 0.1918046875 0.7781546875 0.2072453125 0.7828109375000001 0.21615156249999998 0.796359375 0.2173390625 0.8082140624999999 0.23634218749999997 0.8247249999999999 0.2381234375 0.820490625 0.223871875 0.806096875 0.20130625000000002 0.799321875 0.17874062500000001 0.8001687499999999 0.1502375 0.8111765625 0.1371734375 0.8137171875 0.127671875 0.8120234375000001 0.10510625 0.8056734375 0.0962
1 0.0287890625 0.29513124999999996 0.02116875 0.280878125 0.011854687499999999 0.24762499999999998 0.00042343750000000004 0.225653125 0 0.25 0.004234375 0.2583140625 0.0033875000000000003 0.27137812499999997 0.015240624999999999 0.330759375 0.015240624999999999 0.36638906250000003 0.0262484375 0.380640625 0.0304828125 0.39608125 0.055037499999999996 0.42695937500000003 0.060965625 0.44715 0.070703125 0.46080781249999997 0.0969515625 0.4881234375 0.1100765625 0.49109218749999994 0.10668906250000001 0.46258906250000004 0.0922953125 0.4400234375 0.064775 0.40973906250000003 0.0571546875 0.3954875 0.0304828125 0.373515625 0.0304828125 0.327196875 0.0262484375 0.3093828125 0.0287890625 0.29513124999999996
1 0.6718875 0.23634218749999997 0.6490265625 0.225653125 0.6367484375 0.230996875 0.6430984375000001 0.26365781250000003 0.65410625 0.2684078125 0.6591875 0.277909375 0.6854359375 0.2885984375 0.6939031250000001 0.3040375 0.70279375 0.3081953125 0.7099921874999999 0.327790625 0.7176125 0.3313546875 0.72565625 0.343825 0.72735 0.35688906249999997 0.7226921875000001 0.370546875 0.73200625 0.3681703125 0.736240625 0.35867031250000003 0.7472484374999999 0.3598578125 0.765453125 0.375890625 0.7684171875 0.39192343749999997 0.781540625 0.39489375 0.7722265625 0.368765625 0.7781546875 0.3414484375 0.7950890625 0.324821875 0.7887390625 0.3064140625 0.7768843750000001 0.3087890625 0.75825625 0.327790625 0.7370875 0.330165625 0.6718875 0.23634218749999997
1 0.818375 0.5878859375000001 0.789584375 0.593825 0.7760374999999999 0.593825 0.755715625 0.5855109374999999 0.715071875 0.5866984375000001 0.6854359375 0.5676953124999999 0.6731578125000001 0.5481 0.6710421875 0.526128125 0.6287046875 0.5368171875 0.6134625 0.5570078125 0.5736656250000001 0.55225625 0.57155 0.5385984374999999 0.5533453125000001 0.5083140625 0.5431843749999999 0.502375 0.518628125 0.5011875 0.48983906250000003 0.49168593749999995 0.4720578125 0.479809375 0.4623203125 0.46733906249999996 0.46909375000000003 0.4519 0.46570625000000004 0.4364609375 0.455546875 0.421021875 0.434378125 0.35095 0.42252343750000004 0.3355109375 0.40897500000000003 0.30700781250000003 0.4055890625 0.3093828125 0.408128125 0.3462 0.436071875 0.40439375 0.4369171875 0.44715 0.4403046875 0.46140156250000003 0.463590625 0.5 0.480525 0.5166265625 0.5160875 0.5166265625 0.5279421875 0.521378125 0.5516515625 0.54631875 0.5719734375 0.55344375 0.5698562500000001 0.5671015625 0.5897546874999999 0.578384375 0.59906875 0.5926359375 0.6464859374999999 0.5902609375 0.6854359375 0.593825 0.7066046874999999 0.6128265625 0.7252328125 0.619953125 0.7840812500000001 0.625296875 0.8226078125 0.603325 0.8556312500000001 0.60095 0.8746828125 0.5837296875 0.8755296875 0.570665625 0.870025 0.5653203125 0.8530906249999999 0.576009375 0.8429296875000001 0.574821875 0.818375 0.5878859375000001
1 0.408128125 0.8557 0.38018593749999996 0.7951312500000001 0.3471640625 0.752375 0.328534375 0.7214968749999999 0.33700312499999996 0.70368125 0.32641875 0.6864609374999999 0.2976296875 0.6876484375 0.2552921875 0.65558125 0.23539374999999998 0.627671875 0.23200625000000002 0.5908546875 0.2269265625 0.5884796875 0.2286203125 0.5837296875 0.2154953125 0.5605703125 0.18331875 0.5368171875 0.1545296875 0.5368171875 0.1401359375 0.529690625 0.1134625 0.50534375 0.1147328125 0.5427546875 0.1375953125 0.54869375 0.1562234375 0.5629453125 0.17061874999999999 0.5653203125 0.18839999999999998 0.5581953125 0.1994078125 0.5605703125 0.2040640625 0.5884796875 0.21845937499999998 0.5932296874999999 0.2235390625 0.6347984375 0.23158281249999998 0.6413296875000001 0.2400515625 0.6579578125000001 0.24767187499999999 0.6615203125 0.2578328125 0.679334375 0.263759375 0.6817109375 0.2811171875 0.7108078124999999 0.27434375 0.7357484375000001 0.25275156249999997 0.7458437499999999 0.2544453125 0.75296875 0.28069375 0.771971875 0.2942421875 0.773159375 0.3120234375 0.7612828125 0.31964375 0.7612828125 0.3340390625 0.773159375 0.3666390625 0.820071875 0.374259375 0.848575 0.4047421875 0.89726875 0.41066874999999997 0.9210218749999999 0.41998281249999997 0.9305218749999999 0.43988125 0.9655578125 0.47459843749999997 0.9988125 0.4978828125 1 0.5038109375000001 0.99584375 0.4978828125 0.9685265624999999 0.47078749999999997 0.9328984374999999 0.46274375 0.9133015625 0.4381875 0.9038 0.4318375 0.89726875 0.42252343750000004 0.869953125 0.408128125 0.8557