1 0.7913046875 0.24224843749999997 0.7847828125 0.23837187499999998 0.7739125 0.20994843749999997 0.743478125 0.1569765625 0.6891296875 0.08850156249999999 0.6864125 0.07493593750000001 0.632065625 0.0878546875 0.6293484375 0.10271250000000001 0.643478125 0.1337203125 0.6364124999999999 0.1459953125 0.6271734375 0.151809375 0.6336953125 0.1595609375 0.618478125 0.1686046875 0.6152171875 0.1957359375 0.6092390625 0.197675 0.6081515625 0.1912140625 0.60054375 0.1912140625 0.5885875 0.1705421875 0.5586953125 0.17764843749999998 0.5619562499999999 0.1918609375 0.557609375 0.19444375 0.557609375 0.206071875 0.5858703125 0.2280359375 0.5836953125 0.26292031250000003 0.5728265625 0.28488437499999997 0.575 0.30555625000000003 0.5630437500000001 0.32751874999999997 0.5760875000000001 0.3546515625 0.582609375 0.3456078125 0.581521875 0.318475 0.5989125 0.297803125 0.5902171875 0.2758390625 0.592934375 0.2700265625 0.6038046875 0.26485781249999996 0.6211953125 0.26615 0.632609375 0.243540625 0.644021875 0.23643437500000003 0.6668484375 0.23643437500000003 0.682065625 0.24289375 0.7016296875 0.240309375 0.7418484375000001 0.259690625 0.755434375 0.2745484375 0.7663046875 0.2900515625 0.7608703125 0.293928125 0.7739125 0.2990953125 0.7663046875 0.302971875 0.7760875 0.3081390625 0.7771734375 0.3223515625 0.7956515625 0.3456078125 0.7956515625 0.3546515625 0.8065218749999999 0.37790625 0.8228265625000001 0.39211874999999996 0.8244562500000001 0.40051718750000004 0.8260875000000001 0.39211874999999996 0.8293484375 0.3934109375 0.830434375 0.3998703125 0.8239124999999999 0.40374687500000006 0.831521875 0.41020625 0.8271734374999999 0.41925 0.8375 0.42635625 0.832609375 0.41020625 0.8440218749999999 0.40826874999999996 0.8467390625 0.41925 0.8434781250000001 0.4257109375 0.85 0.42829531249999997 0.855434375 0.42441874999999996 0.8467390625 0.39599531250000003 0.8608703125 0.37790625 0.857609375 0.3662796875 0.8456515625 0.35981874999999997 0.8467390625 0.33656406250000004 0.8065218749999999 0.2758390625 0.7913046875 0.24224843749999997
1 0.7461953125 0.9896640624999999 0.7478265625 0.9851421874999999 0.7396734375 0.9715765624999999 0.72554375 0.9689921874999999 0.717390625 0.986434375 0.7266296875 0.9857875 0.730434375 0.990309375 0.7461953125 0.9896640624999999
1 0.5760875000000001 0.447675 0.5782609375 0.40891406249999995 0.5733703125 0.39405625 0.5608703125 0.41408281249999995 0.555434375 0.4334625 0.5597828125000001 0.4463828125 0.5663046875 0.4502578125 0.5760875000000001 0.447675
1 0.280434375 0.4347546875 0.29673906250000004 0.4114984375 0.2885875 0.40309999999999996 0.2711953125 0.401809375 0.25 0.41925 0.254890625 0.4250640625 0.2635875 0.423771875 0.27228281249999997 0.4354 0.280434375 0.4347546875
1 0.479890625 0.662790625 0.470109375 0.6614984374999999 0.4641296875 0.6686046875 0.4538046875 0.7067187500000001 0.4472828125 0.7067187500000001 0.4163046875 0.7344968749999999 0.40978281250000004 0.756459375 0.41847812500000003 0.7642125 0.42391249999999997 0.75 0.43532656249999996 0.7441859375 0.43912968750000003 0.7332046875 0.455978125 0.7170546875 0.4858703125 0.7151156249999999 0.4891296875 0.6957359375000001 0.4782609375 0.6841078125 0.479890625 0.662790625
1 0.368478125 0.4941859375 0.3853265625 0.5051671875 0.406521875 0.504521875 0.4277171875 0.4806203125 0.4788046875 0.45736406250000006 0.4836953125 0.439921875 0.4483703125 0.443153125 0.4233703125 0.461240625 0.4125 0.479328125 0.37662968750000003 0.4754515625 0.368478125 0.4941859375
1 0.22173906250000003 0.9877265625 0.2277171875 0.9987078125 0.2402171875 1 0.2635875 0.997415625 0.2793484375 0.9657625 0.2771734375 0.9257109375000001 0.2538046875 0.9134359375000001 0.24565156250000003 0.9244187500000001 0.255434375 0.9360468750000001 0.25434843749999997 0.9425062499999999 0.22173906250000003 0.9877265625
1 0.6967390625000001 0.6543921874999999 0.6967390625000001 0.669896875 0.7168484375 0.6782953125 0.745109375 0.7235140624999999 0.7527171874999999 0.7260984374999999 0.7603265625 0.73901875 0.7722828125000001 0.73901875 0.7858703125 0.7461234375 0.7891296875 0.74095625 0.7717390625 0.6957359375000001 0.7646734375 0.6847546875 0.7510875 0.67635625 0.7472828125000001 0.6614984374999999 0.7342390625 0.6537468750000001 0.7125 0.6498703124999999 0.6967390625000001 0.6543921874999999
1 0.4086953125 0.8094312499999999 0.419565625 0.7965109375 0.42173906250000004 0.7835921875 0.41358750000000005 0.7739015625000001 0.40815156249999995 0.7739015625000001 0.393478125 0.7926359374999999 0.393478125 0.8210593749999999 0.3771734375 0.850775 0.36304375 0.857234375 0.3614125 0.87209375 0.305978125 0.8966406250000001 0.2891296875 0.9140828125 0.318478125 0.9308781249999999 0.3271734375 0.9244187500000001 0.3293484375 0.9089140625000001 0.3385875 0.8966406250000001 0.369021875 0.9031 0.381521875 0.8908265625 0.38260937500000003 0.87790625 0.417390625 0.8443156249999999 0.4086953125 0.8094312499999999
1 0.99945625 0.7622734375 1 0.7215765625 0.9614125 0.7235140624999999 0.9516296875 0.7157625000000001 0.9103265625000001 0.718346875 0.8864124999999999 0.731265625 0.8766296875 0.7441859375 0.8625 0.7441859375 0.8293484375 0.7823 0.830978125 0.786821875 0.8521734375 0.79134375 0.857065625 0.772609375 0.8777171875 0.763565625 0.8961953125000001 0.7480625 0.919021875 0.7493546875 0.929890625 0.7583984375 0.9690218749999999 0.75710625 0.979890625 0.7648578125000001 0.99945625 0.7622734375
1 0.2288046875 0.437984375 0.217390625 0.45671875 0.217390625 0.4670546875 0.20054375000000002 0.479328125 0.1842390625 0.47674374999999997 0.17554375 0.46769999999999995 0.14945625 0.4715765625 0.1282609375 0.4916015625 0.1282609375 0.49806249999999996 0.1375 0.5038765625 0.16467343750000002 0.49354062499999996 0.1858703125 0.4993546875 0.17554375 0.5142125 0.14076093750000002 0.5284234375 0.12282656249999999 0.552325 0.12445625 0.5646 0.15 0.578165625 0.1902171875 0.536821875 0.2 0.51615 0.1989125 0.5032296875 0.219565625 0.4851421875 0.23587031249999998 0.45284218750000005 0.24565156250000003 0.445090625 0.244021875 0.4302328125 0.2288046875 0.437984375
1 0.5489124999999999 0.490309375 0.5630437500000001 0.47092968749999997 0.557065625 0.45736406250000006 0.5461953125 0.45477968750000003 0.5375 0.46899218749999994 0.5092390625000001 0.49095625 0.49837031249999997 0.49095625 0.4875 0.4987078125 0.4766296875 0.4961234375 0.467390625 0.5032296875 0.469021875 0.5180875 0.49945625 0.520671875 0.5043484375 0.5264859375000001 0.5 0.5510328125 0.4793484375 0.56136875 0.47173906250000003 0.5794578125000001 0.468478125 0.6027125 0.469565625 0.610465625 0.482609375 0.62596875 0.482609375 0.6453484375 0.4891296875 0.6569765624999999 0.49239062499999997 0.6543921874999999 0.4902171875 0.6375968750000001 0.506521875 0.6156328125 0.51304375 0.58075 0.5228265624999999 0.5704140625 0.530434375 0.5510328125 0.55 0.5290703125 0.5489124999999999 0.490309375