1 0.20368593750000002 0.8669671875 0.21265 0.8714765625 0.23157343749999998 0.87035 0.24252968749999998 0.8816234375 0.25796874999999997 0.900225 0.2559765625 0.9317921874999999 0.2589640625 0.9385562500000001 0.2674296875 0.95265 0.293825 0.9667421875000001 0.2918328125 0.9904171875 0.29830625 0.9977453125 0.3072703125 0.9988718750000001 0.31175312499999996 0.9949265625000001 0.3057765625 0.9892890624999999 0.31075624999999996 0.9813984375 0.303784375 0.968996875 0.3232078125 0.96505 0.3251984375 0.9503953125000001 0.32719062499999996 0.95603125 0.36105624999999997 0.9639234374999999 0.36802812500000004 0.9549046875 0.37250937500000003 0.9554671875 0.37250937500000003 0.9419390625 0.3799796875 0.9346109374999999 0.38595625 0.9391203125 0.40587656250000004 0.9379937500000001 0.4158359375 0.9447578125 0.4467125 0.9357390625 0.46265 0.936865625 0.4666328125 0.942503125 0.47360625 0.9391203125 0.4895421875 0.9639234374999999 0.505478125 0.9706875 0.5114546875 0.9819609375 0.5283859375 0.9909812499999999 0.5791828125 1 0.6155375000000001 0.9994359375 0.600596875 0.9825250000000001 0.599103125 0.9661781250000001 0.555278125 0.96166875 0.5403390625 0.95603125 0.527390625 0.9391203125 0.514940625 0.9385562500000001 0.51095625 0.9284109375 0.5139437499999999 0.92615625 0.5124500000000001 0.9143171875 0.502490625 0.9143171875 0.4965140625 0.904171875 0.4885453125 0.8996625 0.43974062500000005 0.9007890625 0.4307765625 0.8974062500000001 0.42280937500000004 0.9007890625 0.4088640625 0.8928968749999999 0.39292812499999996 0.8759859375 0.36404375 0.8917703124999999 0.34213125 0.8928968749999999 0.32021875 0.869221875 0.29233125000000004 0.8579484374999999 0.27041875000000004 0.854565625 0.25697187499999996 0.8416015625 0.247509375 0.8241265625 0.22659375 0.811725 0.21762968749999997 0.7993234375 0.18675312500000002 0.7880499999999999 0.1842625 0.7728296875 0.1782875 0.770575 0.1782875 0.75591875 0.15936250000000002 0.7446453125 0.15388437500000002 0.7260421874999999 0.1369515625 0.7271703125 0.11703125 0.7215328125 0.1090640625 0.7170234375 0.1025890625 0.701803125 0.0956171875 0.6972937499999999 0.0846609375 0.7175874999999999 0.083665625 0.7446453125 0.10956250000000001 0.7694468750000001 0.1075703125 0.7976328125000001 0.1309765625 0.8038328124999999 0.15388437500000002 0.8184890625 0.168825 0.8207437499999999 0.20019843750000002 0.8461109375 0.19920312499999998 0.8596390625 0.20368593750000002 0.8669671875
1 0.046314062499999996 0.4847796875 0.047809375 0.47970625 0.042828125 0.47970625 0.046314062499999996 0.4847796875
1 0.19970156249999998 0.5321312500000001 0.22460156250000002 0.52085625 0.22958125 0.5118375000000001 0.24252968749999998 0.5140921875 0.2519921875 0.5067640625000001 0.2519921875 0.49774531250000004 0.26244999999999996 0.478015625 0.27639375 0.463359375 0.29133437500000003 0.46110468750000005 0.2948203125 0.45603125 0.29681250000000003 0.4436296875 0.2918328125 0.43122812499999996 0.2853578125 0.42615625 0.2768921875 0.42671875000000004 0.23854531250000002 0.4509578125 0.22858593749999997 0.46899687500000004 0.21862499999999999 0.46899687500000004 0.21265 0.47576093750000004 0.20368593750000002 0.4768890625 0.1927296875 0.48816249999999994 0.15886406250000001 0.492671875 0.14541874999999999 0.5 0.18077656250000002 0.5118375000000001 0.19970156249999998 0.5321312500000001
1 0.34462187499999997 0.1527625 0.3286859375 0.194475 0.3306765625 0.20687656250000003 0.32669375 0.21589687500000002 0.3356578125 0.263246875 0.3580671875 0.271703125 0.3595625 0.2857953125 0.3630484375 0.2874859375 0.3685265625 0.2756484375 0.36653437499999997 0.2666296875 0.35159375000000004 0.25760937500000003 0.3525890625 0.2406984375 0.3759953125 0.24464531250000002 0.38446250000000004 0.2361890625 0.38595625 0.2175875 0.4158359375 0.21195 0.4372515625 0.1685453125 0.44322656250000003 0.1392328125 0.44970156250000004 0.13303281250000001 0.47360625 0.125140625 0.48904375 0.099775 0.4815734375 0.09131875 0.4785859375 0.0980828125 0.468625 0.101465625 0.4661359375 0.0975203125 0.47410312499999996 0.0941375 0.47410312499999996 0.08511874999999999 0.4666328125 0.0879375 0.4611546875 0.08060937500000001 0.4611546875 0.0715890625 0.4676296875 0.0698984375 0.46912343749999996 0.0625703125 0.47609531250000003 0.059187500000000004 0.4721109375 0.053551562500000004 0.47360625 0.048478125 0.481075 0.053551562500000004 0.4815734375 0.0597515625 0.48356562500000005 0.0529875 0.49103593749999996 0.0524234375 0.4905375 0.0450953125 0.47360625 0.04396875 0.46065781250000004 0.030439062500000003 0.443725 0.039459375000000005 0.4347609375 0.0372046875 0.4223109375 0.0231109375 0.42330625 0.0152203125 0.4347609375 0.004509375 0.3974109375 0.0005640625 0.38346562500000003 0.0095828125 0.4113546875 0.0388953125 0.41235 0.053551562500000004 0.4003984375 0.10202968750000001 0.3754984375 0.1166859375 0.3685265625 0.133596875 0.3685265625 0.1527625 0.3630484375 0.1657265625 0.3550796875 0.1657265625 0.34462187499999997 0.1527625
1 0 0.486471875 0.0064734375 0.49605468750000004 0.0249 0.5078921875 0.0278890625 0.5157828125 0.0249 0.524803125 0.0378484375 0.5383312499999999 0.043824999999999996 0.5552421875 0.052290625 0.5625703125 0.06723124999999999 0.5625703125 0.0786859375 0.5507328125 0.0856578125 0.53495 0.09163281250000001 0.5180390625 0.086653125 0.49549062499999996 0.093625 0.47970625 0.1025890625 0.47519687499999996 0.10458125 0.4582859375 0.1135453125 0.445884375 0.1135453125 0.4357390625 0.1020921875 0.419390625 0.0682265625 0.419390625 0.0502984375 0.41488125 0.0433265625 0.406990625 0.034362500000000004 0.4081171875 0.031871875 0.3962796875 0.039840625000000005 0.3872609375 0.039840625000000005 0.3804953125 0.026892187499999998 0.37260468750000003 0.02041875 0.3833140625 0.0064734375 0.386696875 0 0.3951515625 0 0.41319062500000003 0.01245 0.41037187499999994 0.019920312500000002 0.41769999999999996 0.0074703124999999995 0.43066562499999994 0 0.43122812499999996 0 0.486471875
1 0.0926296875 0.6093578125 0.0856578125 0.6319046875 0.09163281250000001 0.639796875 0.093625 0.65558125 0.09860624999999999 0.6578359375 0.09711093750000001 0.662909375 0.13396406249999998 0.6674187500000001 0.14342656250000002 0.6578359375 0.144421875 0.64430625 0.1259953125 0.6110484375 0.0926296875 0.6093578125
1 0.7729078125 0.34441875 0.7659359375 0.3286359375 0.7594624999999999 0.3224359375 0.7529874999999999 0.3229984375 0.730578125 0.3303265625 0.732071875 0.3432921875 0.7146421875 0.3472375 0.713146875 0.3568203125 0.7285859375 0.36527656249999996 0.736553125 0.36189375 0.7455171875 0.3686578125 0.7544828125 0.3686578125 0.7734062500000001 0.3562578125 0.7729078125 0.34441875
1 0.917828125 0.012401562500000001 0.9213140624999999 0.0186015625 0.9163343749999999 0.0287484375 0.9213140624999999 0.03213125 0.9193234374999999 0.04115 0.9248015625000001 0.0507328125 0.933765625 0.0450953125 0.9556765625000001 0.0642609375 0.9621515625000001 0.0625703125 0.9581671875 0.0580609375 0.961653125 0.0552421875 0.96265 0.0597515625 0.9741031250000001 0.064825 0.9706171875 0.0563703125 0.963146875 0.054678125 0.9646421875 0.0462234375 0.9706171875 0.0529875 0.9770921875 0.0490421875 0.9636453125 0.0270578125 0.9387453125 0.024803125000000002 0.9327687499999999 0.03833125 0.9282875 0.0355125 0.9362546875 0.027621875 0.9282875 0.0242390625 0.9248015625000001 0.00901875 0.917828125 0.00901875 0.906871875 0 0.869521875 0.0005640625 0.866534375 0.0050734375 0.869521875 0.0152203125 0.8740046875 0.012401562500000001 0.8779875 0.0180390625 0.8839640624999999 0.0169109375 0.8869515625 0.024803125000000002 0.8979078125 0.024803125000000002 0.8979078125 0.014656250000000001 0.9128484374999999 0.0169109375 0.917828125 0.012401562500000001
1 0.7405375000000001 0.0597515625 0.746015625 0.0727171875 0.7375499999999999 0.07328124999999999 0.7375499999999999 0.0766625 0.7574703125 0.077790625 0.753984375 0.0715890625 0.766434375 0.066515625 0.775896875 0.0715890625 0.7734062500000001 0.0766625 0.7843625000000001 0.0744078125 0.7848609375 0.0817359375 0.791334375 0.0879375 0.7968124999999999 0.08511874999999999 0.791334375 0.0710265625 0.7963140625 0.0698984375 0.799303125 0.0744078125 0.8032875 0.06877187500000001 0.8072703125 0.077790625 0.8117531250000001 0.0727171875 0.8082671875 0.0642609375 0.7998015625 0.0625703125 0.803784375 0.044532812500000005 0.7988046875 0.0377671875 0.800796875 0.027621875 0.797809375 0.0231109375 0.8002984375000001 0.0078921875 0.8032875 0.006764062499999999 0.8072703125 0.014656250000000001 0.818725 0.0140921875 0.816234375 0.0078921875 0.8122515625 0.0078921875 0.8107562500000001 0.012965625 0.8112546875 0.004509375 0.7833671875 0.001128125 0.7714140625 0.00901875 0.7684265625 0.0157828125 0.7265937499999999 0.0157828125 0.6932265625 0.0005640625 0.6588640625 0.0033828125 0.655378125 0.011837499999999999 0.6658359375 0.023674999999999998 0.6817734375 0.024803125000000002 0.7096609375 0.034949999999999995 0.7096609375 0.039459375000000005 0.7041828125 0.040021875 0.7206171875 0.06877187500000001 0.7345625 0.0698984375 0.7405375000000001 0.0597515625
1 1 0.1685453125 0.9845625 0.15670781250000002 0.9765937499999999 0.15670781250000002 0.9736062499999999 0.1510703125 0.9526890625 0.16798125 0.9447218749999999 0.1713640625 0.9347609374999999 0.169109375 0.9382468749999999 0.1730546875 0.935259375 0.1775640625 0.9377484375 0.1848921875 0.918825 0.1848921875 0.8989046875 0.1950390625 0.889940625 0.18714843750000001 0.8759953125 0.1848921875 0.8620515624999999 0.1905296875 0.8590640625000001 0.1860203125 0.8331671875 0.178128125 0.8112546875 0.1612171875 0.802290625 0.169109375 0.7943234375 0.16685468750000002 0.789840625 0.160653125 0.797809375 0.15614375 0.793825 0.147125 0.8127484375 0.13810625 0.8112546875 0.1319046875 0.800796875 0.1290875 0.8042828125 0.125140625 0.8202187500000001 0.121759375 0.824203125 0.12965 0.8331671875 0.130778125 0.8416328125 0.1211953125 0.8351593749999999 0.121759375 0.8356578125 0.1166859375 0.8306765625000001 0.1166859375 0.8301796875 0.1037203125 0.8192234375 0.105975 0.816234375 0.1138671875 0.7933265625 0.10935781250000001 0.7843625000000001 0.11273906250000001 0.781871875 0.12344999999999999 0.789840625 0.1290875 0.7674296875 0.1319046875 0.7619515625 0.147125 0.752490625 0.1533265625 0.7485062499999999 0.148815625 0.7405375000000001 0.148815625 0.7345625 0.1352875 0.719621875 0.14430625 0.7166328125 0.134159375 0.7161359375 0.147125 0.7096609375 0.1476890625 0.713146875 0.13810625 0.7091640625 0.12683125 0.7191234375 0.118940625 0.718128125 0.099775 0.7041828125 0.093009375 0.70169375 0.077790625 0.6807765625 0.077790625 0.6777890625 0.0710265625 0.666334375 0.069334375 0.6608562499999999 0.0744078125 0.653884375 0.0698984375 0.650896875 0.0744078125 0.642928125 0.072153125 0.6314734375 0.0941375 0.6394421875 0.10202968750000001 0.6404375 0.1166859375 0.652390625 0.13246875 0.6503984375 0.13810625 0.6573703125 0.15163437500000002 0.67978125 0.1657265625 0.689740625 0.1803828125 0.7041828125 0.19109375 0.7051796875 0.204621875 0.713146875 0.21589687500000002 0.710159375 0.229425 0.7121515625 0.29819687500000003 0.7081671875 0.3297625 0.7176296875 0.3404734375 0.7246015625 0.3303265625 0.741534375 0.32694531250000003 0.747509375 0.3213078125 0.7644421875 0.3213078125 0.7589640625 0.311725 0.7599609375 0.30496093750000003 0.781871875 0.2891765625 0.769421875 0.2739578125 0.744521875 0.271703125 0.7450203125 0.26775625000000003 0.7360562500000001 0.26211875 0.7330671875 0.24971875 0.735059375 0.239571875 0.7395421875 0.23675312499999998 0.763446875 0.2390078125 0.780378125 0.251409375 0.7943234375 0.25028125 0.8002984375000001 0.2581734375 0.8331671875 0.2739578125 0.854084375 0.29425 0.866534375 0.28466718750000003 0.8535859374999999 0.268884375 0.8575703125 0.25760937500000003 0.8525890625000001 0.239571875 0.8306765625000001 0.201240625 0.838146875 0.1950390625 0.8481078125 0.192784375 0.854084375 0.201803125 0.8580671875 0.2006765625 0.8700203125 0.2096953125 0.9008968749999999 0.2187140625 0.928784375 0.2006765625 0.9407375 0.2063140625 0.9526890625 0.20405937500000002 0.9566734374999999 0.21645937499999998 0.9606578125 0.213078125 0.972609375 0.22435156250000002 0.9755968749999999 0.213078125 0.9855578125 0.2198421875 1 0.2215328125 1 0.1685453125
1 0.8077687499999999 0.5124015625 0.8197218749999999 0.4921078125 0.8152390625000001 0.4847796875 0.8047812499999999 0.4842171875 0.789840625 0.486471875 0.786853125 0.5067640625000001 0.775896875 0.5180390625 0.7848609375 0.56764375 0.7943234375 0.5772265625 0.8002984375000001 0.5760984375 0.8097609374999999 0.5653890625 0.814740625 0.5417140625 0.8217125 0.533821875 0.8077687499999999 0.5124015625
1 0.8107562500000001 0.5879375 0.8067734375000001 0.5947015625 0.8117531250000001 0.6082296875 0.8192234375 0.6099203125 0.8157375 0.5890640625 0.8107562500000001 0.5879375
1 0.802290625 0.5727171875 0.8097609374999999 0.5642609375000001 0.8137453125 0.5417140625 0.8217125 0.533821875 0.8077687499999999 0.5124015625 0.8207171875 0.4932359375 0.8152390625000001 0.4847796875 0.8067734375000001 0.48308906250000005 0.8002984375000001 0.487034375 0.791334375 0.4847796875 0.786853125 0.5056375 0.775896875 0.5180390625 0.781871875 0.533821875 0.778884375 0.5462234375 0.7838640625 0.5518609375 0.786853125 0.5698984375 0.7933265625 0.574971875 0.802290625 0.5727171875
1 0.831175 0.7474640625 0.8351593749999999 0.7508453125 0.838146875 0.7463359374999999 0.8192234375 0.742953125 0.814740625 0.73788125 0.8137453125 0.7198421875000001 0.8077687499999999 0.7063140625 0.8117531250000001 0.6871484375 0.8346609375 0.6713640625 0.8326687500000001 0.6533265625 0.8197218749999999 0.64430625 0.8202187500000001 0.6347234375 0.806275 0.6358515625 0.786853125 0.62626875 0.7848609375 0.6364156249999999 0.786853125 0.6533265625 0.7918328125 0.6589625 0.7908359375 0.6736187499999999 0.8027890624999999 0.7006765625 0.7998015625 0.7209703125 0.803784375 0.735625 0.8152390625000001 0.757609375 0.8192234375 0.7508453125 0.831175 0.7474640625