1 0.7684265625 0.12965 0.7574703125 0.11837656249999999 0.7420312499999999 0.099775 0.7440234375 0.06820781249999999 0.7410359375 0.06144375 0.7325703125 0.047349999999999996 0.706175 0.0332578125 0.7081671875 0.0095828125 0.70169375 0.0022546875 0.6927296875 0.001128125 0.688246875 0.0050734375 0.6942234375 0.0107109375 0.6892437499999999 0.0186015625 0.696215625 0.031003125 0.6767921875 0.034949999999999995 0.6748015625 0.0496046875 0.672809375 0.04396875 0.6389437499999999 0.0360765625 0.631971875 0.0450953125 0.627490625 0.044532812500000005 0.627490625 0.0580609375 0.6200203125 0.0653890625 0.61404375 0.0608796875 0.5941234375 0.06200625 0.5841640625 0.0552421875 0.5532874999999999 0.0642609375 0.53735 0.06313437499999999 0.5333671875 0.057496875 0.52639375 0.0608796875 0.5104578125 0.0360765625 0.49452187500000006 0.029312500000000002 0.4885453125 0.0180390625 0.47161406250000004 0.00901875 0.42081718749999997 0 0.38446250000000004 0.0005640625 0.39940312499999997 0.017474999999999997 0.40089687500000004 0.033821875 0.44472187500000004 0.03833125 0.4596609375 0.04396875 0.47260937500000005 0.0608796875 0.48505937499999996 0.06144375 0.48904375 0.0715890625 0.48605625 0.07384375 0.48755 0.08568281250000001 0.49750937500000003 0.08568281250000001 0.5034859375 0.095828125 0.5114546875 0.1003375 0.560259375 0.0992109375 0.5692234375 0.10259375 0.577190625 0.0992109375 0.5911359375 0.10710312500000001 0.607071875 0.1240140625 0.63595625 0.10822968749999999 0.65786875 0.10710312500000001 0.67978125 0.130778125 0.7076687500000001 0.1420515625 0.7295812500000001 0.145434375 0.743028125 0.1583984375 0.752490625 0.1758734375 0.7734062500000001 0.188275 0.7823703125 0.2006765625 0.8132468749999999 0.21195 0.8157375 0.22717031250000003 0.8217125 0.229425 0.8217125 0.24408124999999997 0.8406375 0.2553546875 0.846115625 0.2739578125 0.8630484375 0.2728296875 0.8829687500000001 0.2784671875 0.8909359374999999 0.2829765625 0.8974109374999999 0.29819687500000003 0.9043828125 0.30270625 0.9153390625 0.2824125 0.9163343749999999 0.2553546875 0.8904375 0.230553125 0.8924296875 0.2023671875 0.8690234374999999 0.1961671875 0.846115625 0.1815109375 0.831175 0.17925625 0.7998015625 0.1538890625 0.800796875 0.1403609375 0.7963140625 0.13303281250000001 0.78735 0.1285234375 0.7684265625 0.12965
1 0.957171875 0.52029375 0.9536859375000001 0.5152203125 0.9521906250000001 0.52029375 0.957171875 0.52029375
1 0.7704187499999999 0.48816249999999994 0.7574703125 0.4859078125 0.7480078125 0.4932359375 0.7480078125 0.5022546875 0.7375499999999999 0.521984375 0.72360625 0.536640625 0.708665625 0.5388953125 0.7051796875 0.54396875 0.7031875000000001 0.5563703125 0.7081671875 0.568771875 0.7146421875 0.57384375 0.7231078125 0.57328125 0.7614546875 0.5490421875 0.7714140625 0.531003125 0.7813749999999999 0.531003125 0.78735 0.5242390625 0.7963140625 0.5231109375 0.8072703125 0.5118375000000001 0.8411359375 0.507328125 0.8545812500000001 0.5 0.8192234375 0.48816249999999994 0.8002984375000001 0.46786874999999994 0.7753984375 0.47914375 0.7704187499999999 0.48816249999999994
1 0.6693234375 0.7931234375 0.67330625 0.784103125 0.6643421875 0.736753125 0.6419328125 0.7282968750000001 0.6404375 0.7142046875 0.6369515625 0.7125140625 0.6314734375 0.7243515625 0.633465625 0.7333703125000001 0.6484062500000001 0.742390625 0.6474109375 0.7593015624999999 0.6240046875 0.7553546875 0.6155375000000001 0.7638109375 0.61404375 0.7824125000000001 0.5841640625 0.7880499999999999 0.5627484375 0.8314546875 0.5567734375 0.8607671874999999 0.5502984375 0.8669671875 0.52639375 0.874859375 0.51095625 0.900225 0.5184265625 0.9086812500000001 0.5214140625 0.9019171874999999 0.5313749999999999 0.898534375 0.5338640625 0.9024796875 0.525896875 0.9058624999999999 0.525896875 0.91488125 0.5333671875 0.9120625 0.5388453125 0.9193906249999999 0.5388453125 0.9284109375 0.5323703125 0.9301015625 0.5308765625 0.9374296875000001 0.5239046875 0.9408125 0.5278890625 0.9464484375 0.52639375 0.9515218750000001 0.5189250000000001 0.9464484375 0.5184265625 0.9402484375 0.516434375 0.9470124999999999 0.5089640625 0.9475765624999999 0.5094624999999999 0.9549046875 0.52639375 0.95603125 0.5393421875 0.9695609375 0.5562750000000001 0.9605406249999999 0.5652390625 0.9627953125 0.5776890625 0.9768890625 0.57669375 0.9847796875 0.5652390625 0.9954906250000001 0.6025890625 0.9994359375 0.616534375 0.9904171875 0.5886453125 0.9611046875 0.58765 0.9464484375 0.5996015625 0.8979703125 0.6245015625 0.8833140625 0.6314734375 0.866403125 0.6314734375 0.8472375 0.6369515625 0.8342734374999999 0.6449203125 0.8342734374999999 0.655378125 0.8472375 0.6713140625 0.8055249999999999 0.6693234375 0.7931234375
1 1 0.513528125 0.9935265624999999 0.5039453125 0.9751 0.4921078125 0.9721109374999999 0.4842171875 0.9751 0.47519687499999996 0.9621515625000001 0.46166875 0.956175 0.44475781249999996 0.947709375 0.4374296875 0.9327687499999999 0.4374296875 0.9213140624999999 0.4492671875 0.9143421875 0.46505 0.9083671875 0.48196093749999996 0.913346875 0.504509375 0.906375 0.52029375 0.8974109374999999 0.524803125 0.8954187499999999 0.5417140625 0.8864546875 0.554115625 0.8864546875 0.5642609375000001 0.8979078125 0.580609375 0.9317734375000001 0.580609375 0.9497015624999999 0.58511875 0.9566734374999999 0.5930093750000001 0.9656375 0.5918828125 0.968128125 0.6037203124999999 0.9601593749999999 0.6127390625 0.9601593749999999 0.6195046875 0.9731078125 0.6273953125 0.9795812500000001 0.6166859375 0.9935265624999999 0.6133031250000001 1 0.6048484375000001 1 0.586809375 0.98755 0.5896281250000001 0.9800796875 0.5823 0.9925296875 0.5693343750000001 1 0.568771875 1 0.513528125
1 0.9083671875 0.360203125 0.906375 0.34441875 0.9013937500000001 0.34216406250000003 0.9028890625000001 0.337090625 0.8660359375000001 0.33258125 0.8565734375 0.34216406250000003 0.8555781250000001 0.35569375000000003 0.8740046875 0.3889515625 0.9073703125 0.3906421875 0.9143421875 0.3680953125 0.9083671875 0.360203125
1 0.2405375 0.6775640625 0.2470125 0.6770015625 0.26942187500000003 0.6696734375 0.26792812499999996 0.6567078125 0.2853578125 0.6527624999999999 0.28685312500000004 0.6431796875 0.2714140625 0.6347234375 0.26344687499999997 0.63810625 0.2544828125 0.6313421875 0.2455171875 0.6313421875 0.22659375 0.6437421875 0.2270921875 0.65558125 0.23406406249999998 0.6713640625 0.2405375 0.6775640625
1 0.083665625 0.9712515625 0.0786859375 0.96786875 0.08067656250000001 0.95885 0.0751984375 0.9492671874999999 0.066234375 0.9549046875 0.0443234375 0.9357390625 0.0378484375 0.9374296875000001 0.0418328125 0.9419390625 0.038346875 0.9447578125 0.03735 0.9402484375 0.025896875000000003 0.9351749999999999 0.0293828125 0.9436296875 0.036853125 0.945321875 0.0353578125 0.9537765625000001 0.0293828125 0.9470124999999999 0.0229078125 0.9509578125000001 0.036354687499999996 0.9729421874999999 0.0612546875 0.975196875 0.06723124999999999 0.96166875 0.0717125 0.9644875 0.0637453125 0.972378125 0.0717125 0.9757609374999999 0.0751984375 0.9909812499999999 0.082171875 0.9909812499999999 0.09312812499999999 1 0.130478125 0.9994359375 0.133465625 0.9949265625000001 0.130478125 0.9847796875 0.1259953125 0.9875984375 0.1220125 0.9819609375 0.1160359375 0.9830890625 0.1130484375 0.975196875 0.1020921875 0.975196875 0.1020921875 0.98534375 0.0871515625 0.9830890625 0.082171875 0.9875984375 0.0786859375 0.9813984375 0.083665625 0.9712515625
1 0.26244999999999996 0.92671875 0.26244999999999996 0.9233375 0.24252968749999998 0.9222093750000001 0.246015625 0.9284109375 0.233565625 0.9334843749999999 0.224103125 0.9284109375 0.22659375 0.9233375 0.2156375 0.9255921875 0.21513906249999998 0.9182640624999999 0.208665625 0.9120625 0.2031875 0.91488125 0.208665625 0.9289734375 0.20368593750000002 0.9301015625 0.200696875 0.9255921875 0.1967125 0.931228125 0.1927296875 0.9222093750000001 0.18824687499999998 0.9272828125 0.19173281250000002 0.9357390625 0.20019843750000002 0.9374296875000001 0.196215625 0.9554671875 0.20119531249999997 0.9622328124999999 0.19920312499999998 0.972378125 0.20219062499999998 0.9768890625 0.19970156249999998 0.9921078124999999 0.1967125 0.9932359375 0.1927296875 0.98534375 0.18127500000000002 0.9859078125 0.183765625 0.9921078124999999 0.1877484375 0.9921078124999999 0.18924375 0.987034375 0.18874531249999998 0.9954906250000001 0.21663281250000002 0.9988718750000001 0.22858593749999997 0.9909812499999999 0.23157343749999998 0.9842171875 0.27340624999999996 0.9842171875 0.3067734375 0.9994359375 0.3411359375 0.9966171875000001 0.34462187499999997 0.9881624999999999 0.3341640625 0.9763249999999999 0.3182265625 0.975196875 0.2903390625 0.96505 0.2903390625 0.9605406249999999 0.2958171875 0.9599781249999999 0.2793828125 0.931228125 0.2654375 0.9301015625 0.25946250000000004 0.9402484375 0.25398437500000004 0.9272828125 0.26244999999999996 0.92671875
1 0 0.8314546875 0.015437500000000002 0.8432921875 0.02340625 0.8432921875 0.02639375 0.8489296875000001 0.0473109375 0.8320187499999999 0.055278125 0.8286359375 0.0652390625 0.830890625 0.061753125 0.8269453125 0.064740625 0.8224359375000001 0.0622515625 0.8151078125 0.081175 0.8151078125 0.10109531249999999 0.8049609375 0.110059375 0.8128515625 0.1240046875 0.8151078125 0.13794843750000002 0.8094703125 0.1409359375 0.8139796875 0.16683281249999998 0.821871875 0.18874531249999998 0.8387828125000001 0.19770937500000002 0.830890625 0.20567656250000002 0.8331453124999999 0.210159375 0.839346875 0.20219062499999998 0.84385625 0.206175 0.852875 0.1872515625 0.8618937499999999 0.18874531249999998 0.8680953125 0.19920312499999998 0.8709125 0.1957171875 0.874859375 0.17978125 0.8782406249999999 0.17579687500000002 0.87035 0.16683281249999998 0.869221875 0.1583671875 0.8788046875 0.16484062500000002 0.8782406249999999 0.16434218750000001 0.8833140625 0.1693234375 0.8833140625 0.16982031250000001 0.8962796875000001 0.18077656250000002 0.8940250000000001 0.183765625 0.8861328125 0.20667343749999997 0.8906421874999999 0.2156375 0.8872609375 0.218128125 0.8765499999999999 0.210159375 0.8709125 0.2325703125 0.8680953125 0.2380484375 0.852875 0.247509375 0.8466734375 0.25149374999999996 0.8511843750000001 0.25946250000000004 0.8511843750000001 0.2654375 0.8647125000000001 0.28037812500000003 0.85569375 0.2833671875 0.865840625 0.2838640625 0.852875 0.2903390625 0.8523109375000001 0.28685312500000004 0.8618937499999999 0.2908359375 0.8731687499999999 0.2808765625 0.8810593750000001 0.281871875 0.900225 0.2958171875 0.906990625 0.29830625 0.9222093750000001 0.3192234375 0.9222093750000001 0.3222109375 0.9289734375 0.33366562499999997 0.9306656249999999 0.33914374999999997 0.9255921875 0.34611562500000004 0.9301015625 0.34910312499999996 0.9255921875 0.35707187500000004 0.927846875 0.3685265625 0.9058624999999999 0.3605578125 0.8979703125 0.3595625 0.8833140625 0.347609375 0.8675312500000001 0.3496015625 0.8618937499999999 0.3426296875 0.8483656249999999 0.32021875 0.8342734374999999 0.310259375 0.8196171874999999 0.2958171875 0.80890625 0.2948203125 0.7953781249999999 0.28685312500000004 0.784103125 0.28984062499999996 0.770575 0.2878484375 0.701803125 0.2918328125 0.6702375 0.2823703125 0.6595265625 0.2753984375 0.6696734375 0.25846562500000003 0.6730546875 0.25249062499999997 0.6786921875 0.23555781250000002 0.6786921875 0.24103593750000002 0.688275 0.2400390625 0.6950390625 0.218128125 0.7108234375 0.230578125 0.7260421874999999 0.255478125 0.7282968750000001 0.2549796875 0.7322437500000001 0.26394375000000003 0.73788125 0.2669328125 0.75028125 0.26494062500000004 0.760428125 0.2604578125 0.763246875 0.236553125 0.7609921875000001 0.219621875 0.7485906250000001 0.20567656250000002 0.74971875 0.19970156249999998 0.7418265625 0.16683281249999998 0.7260421874999999 0.145915625 0.70575 0.133465625 0.7153328125 0.1464140625 0.7311156249999999 0.1424296875 0.742390625 0.1474109375 0.760428125 0.1693234375 0.798759375 0.161853125 0.8049609375 0.1518921875 0.8072156250000001 0.145915625 0.798196875 0.1419328125 0.7993234375 0.1299796875 0.7903046875 0.099103125 0.7812859375000001 0.071215625 0.7993234375 0.059262499999999996 0.7936859375 0.0473109375 0.795940625 0.0433265625 0.783540625 0.0393421875 0.786921875 0.027390625000000002 0.7756484375 0.024403125 0.786921875 0.0144421875 0.7801578124999999 0 0.7784671875 0 0.8314546875
1 0.1847609375 0.5152203125 0.19521875 0.5157828125 0.210159375 0.513528125 0.21314687499999999 0.4932359375 0.224103125 0.48196093749999996 0.21513906249999998 0.43235625000000005 0.20567656250000002 0.42277343749999996 0.19970156249999998 0.42390156250000005 0.1902390625 0.4346109375 0.185259375 0.4582859375 0.1782875 0.466178125 0.19223125000000002 0.4875984375 0.180278125 0.5078921875 0.1847609375 0.5152203125
1 0.18824687499999998 0.3917703125 0.18077656250000002 0.3900796875 0.1842625 0.4109359375 0.18924375 0.41206250000000005 0.1932265625 0.40529843750000005 0.18824687499999998 0.3917703125
1 0.18625468750000002 0.4582859375 0.1782875 0.466178125 0.19223125000000002 0.4875984375 0.1792828125 0.5067640625000001 0.1847609375 0.5152203125 0.1932265625 0.5169109375 0.19970156249999998 0.512965625 0.208665625 0.5152203125 0.21314687499999999 0.4943625 0.224103125 0.48196093749999996 0.218128125 0.466178125 0.221115625 0.4537765625 0.21613593749999999 0.4481390625 0.21314687499999999 0.4301015625 0.20667343749999997 0.425028125 0.19770937500000002 0.4272828125 0.1902390625 0.4357390625 0.18625468750000002 0.4582859375
1 0.161853125 0.2536640625 0.18077656250000002 0.257046875 0.185259375 0.26211875 0.18625468750000002 0.2801578125 0.19223125000000002 0.2936859375 0.18824687499999998 0.3128515625 0.1653390625 0.3286359375 0.16733125 0.3466734375 0.180278125 0.35569375000000003 0.17978125 0.36527656249999996 0.19372499999999998 0.36414843750000003 0.21314687499999999 0.37373124999999996 0.21513906249999998 0.36358437499999996 0.21314687499999999 0.3466734375 0.20816718750000002 0.3410375 0.20916406250000003 0.32638124999999996 0.19721093750000002 0.2993234375 0.20019843750000002 0.2790296875 0.196215625 0.26437499999999997 0.1847609375 0.242390625 0.18077656250000002 0.2491546875 0.168825 0.2525359375 0.16484062500000002 0.2491546875 0.161853125 0.2536640625