1 0.54540625 0.6056812500000001 0.533790625 0.6056812500000001 0.5163671875 0.6267046875 0.5195359374999999 0.6482953124999999 0.532734375 0.6511359375 0.5390703125 0.6636359374999999 0.5464625 0.665909375 0.5512140624999999 0.659659375 0.5543828125 0.6301140625 0.56071875 0.6176140625000001 0.5881734375 0.602840625 0.58289375 0.5914765625 0.5739171875 0.5965906249999999 0.5601906249999999 0.59431875 0.54540625 0.6056812500000001
1 0.008975 0.38863593750000003 0.013728124999999999 0.3801140625 0.016367187499999998 0.34659062500000004 0.016895312500000002 0.3539765625 0.02111875 0.3539765625 0.02111875 0.3448859375 0.0147828125 0.34147656249999997 0.0190078125 0.3323859375 0.0052796875 0.3176140625 0 0.31875 0.0005281250000000001 0.39204531249999997 0.008975 0.38863593750000003
1 0.36219687500000003 0.5653406249999999 0.3574453125 0.5704546875000001 0.348996875 0.5568187499999999 0.3426609375 0.55568125 0.3442453125 0.5801140625000001 0.3690609375 0.5795453125 0.373284375 0.5727265625 0.374340625 0.5761359374999999 0.38595625 0.5772734374999999 0.3917640625 0.56875 0.3896515625 0.547159375 0.3680046875 0.5477265625000001 0.360084375 0.5551140625000001 0.36219687500000003 0.5653406249999999
1 0.569165625 0.7960234374999999 0.5612453125 0.8102265624999999 0.549103125 0.81193125 0.5459343750000001 0.81875 0.548575 0.8261359374999999 0.557021875 0.81818125 0.5844765625 0.8193187500000001 0.5971484375 0.8295453125 0.605596875 0.8261359374999999 0.6119328125 0.8170453125 0.626715625 0.815909375 0.64044375 0.825 0.6483625 0.82443125 0.6393875 0.8125 0.61615625 0.8056812499999999 0.6077078124999999 0.7920453125 0.5776140625 0.7755687499999999 0.5638859375 0.7801140625 0.570221875 0.784659375 0.569165625 0.7960234374999999
1 0.45565 0.48181874999999996 0.45248125000000006 0.4954546875 0.43400156250000005 0.5051140625 0.44139375000000003 0.5107953125 0.44403437500000004 0.5204546875 0.45987343750000004 0.5238640625000001 0.463040625 0.51818125 0.4704328125 0.5272734375 0.48468906250000005 0.527840625 0.48363281249999995 0.4960234375 0.49102499999999993 0.49261406250000006 0.4947203125 0.4795453125 0.5063359375 0.47613593749999994 0.51214375 0.46761406250000004 0.509503125 0.4579546875 0.501584375 0.45738593749999995 0.486271875 0.4579546875 0.4714890625 0.48295468750000003 0.45565 0.48181874999999996
1 0.42608281249999996 0.5829546875 0.40760312499999996 0.577840625 0.406546875 0.6107953125 0.4223859375 0.6164765625 0.41974687499999996 0.6238640625 0.40760312499999996 0.61875 0.41077031249999996 0.6232953125 0.406546875 0.63125 0.40813125 0.6511359375 0.4223859375 0.647159375 0.4239703125 0.6306812500000001 0.43664218750000006 0.6306812500000001 0.4361140625 0.640340625 0.439809375 0.6443187499999999 0.49102499999999993 0.634659375 0.49313593750000007 0.6278406249999999 0.4831046875 0.6227265625 0.47571250000000004 0.6295453125 0.45459375 0.628409375 0.4604015625 0.6198859375 0.45353750000000004 0.615909375 0.439809375 0.6295453125 0.439809375 0.61818125 0.4345296875 0.6170453124999999 0.4334734375 0.6238640625 0.4266109375 0.6232953125 0.429778125 0.615340625 0.4223859375 0.6085234374999999 0.4239703125 0.5954546875 0.45565 0.5965906249999999 0.45881718749999995 0.609090625 0.463040625 0.6045453125 0.4688484375 0.6073859374999999 0.467265625 0.6022734375 0.4593453125 0.5994312500000001 0.4609296875 0.5863640625000001 0.45565 0.5897734375 0.44772968750000003 0.58693125 0.453009375 0.5835234375 0.453009375 0.5767046875 0.4387546875 0.5795453125 0.43558593749999996 0.59318125 0.42608281249999996 0.5829546875
1 0.533790625 0.603409375 0.5174234375 0.6107953125 0.5227031249999999 0.615340625 0.5142562500000001 0.6278406249999999 0.5174234375 0.64943125 0.5306234375 0.6522734375 0.5411828125 0.665909375 0.5512140624999999 0.6607953125 0.5554375 0.6301140625 0.5617734375000001 0.61875 0.5881734375 0.602840625 0.5876453125000001 0.59318125 0.56758125 0.59318125 0.55860625 0.5835234375 0.549103125 0.5857953124999999 0.54540625 0.603409375 0.533790625 0.603409375
1 0.2851109375 0.6994312500000001 0.2808875 0.7142046875 0.288278125 0.7323859374999999 0.265046875 0.7551140625 0.265575 0.7602265625 0.280359375 0.7704546875 0.3057015625 0.7772734375 0.3194296875 0.775 0.33949375000000004 0.7511359375 0.3648359375 0.7386359375 0.3981 0.7460234375 0.40232343750000005 0.7289765625 0.38595625 0.7170453125 0.3648359375 0.7159093750000001 0.3416046875 0.73181875 0.3289328125 0.73181875 0.31150937500000003 0.71193125 0.31150937500000003 0.6948859374999999 0.2993671875 0.6920453125 0.29567031250000003 0.68125 0.28880625000000004 0.6818187499999999 0.2829984375 0.6926140625 0.2851109375 0.6994312500000001
1 0.5 0.5272734375 0.486271875 0.5284093750000001 0.4815203125 0.5426140625 0.48363281249999995 0.5482953125 0.47888125 0.5545453124999999 0.4688484375 0.5539765625 0.47307343749999997 0.5426140625 0.467265625 0.5352265625 0.45881718749999995 0.5340906249999999 0.45565 0.5386359374999999 0.44403437500000004 0.5352265625 0.44245 0.5448859374999999 0.455121875 0.552840625 0.44297812499999994 0.5522734375 0.4361140625 0.55625 0.4361140625 0.5607953125 0.46409687499999996 0.5625 0.4709609375 0.56875 0.47465624999999995 0.58068125 0.49894375 0.58068125 0.49947187499999995 0.5653406249999999 0.5031671875 0.5613640625 0.5174234375 0.5642046875 0.51214375 0.57556875 0.5179515625 0.5818187499999999 0.54435 0.578409375 0.54540625 0.565909375 0.548575 0.578409375 0.558078125 0.5795453125 0.5522703124999999 0.5642046875 0.5739171875 0.5352265625 0.5776140625 0.5369312500000001 0.580253125 0.525 0.5850046875 0.5267046875 0.5865890625 0.5352265625 0.5992609375 0.5397734375 0.6103484375 0.53125 0.613515625 0.522159375 0.6003171875 0.5056812500000001 0.5887015625 0.509090625 0.580253125 0.5204546875 0.5644140625 0.509090625 0.557021875 0.509090625 0.5512140624999999 0.4982953125 0.5168953125 0.525 0.5063359375 0.521590625 0.5 0.5272734375
1 0.23653593750000002 0.5505687499999999 0.21964062499999998 0.5767046875 0.2164734375 0.5982953125 0.20432968749999997 0.61818125 0.164203125 0.6125 0.1678984375 0.60056875 0.164203125 0.5965906249999999 0.1451953125 0.5920453125 0.1325234375 0.58068125 0.1198515625 0.5875 0.1092921875 0.6 0.0818375 0.6045453125 0.048046875 0.5977265625 0.039070312499999996 0.61193125 0.055437499999999994 0.6306812500000001 0.06599843749999999 0.6329546875000001 0.0881734375 0.628409375 0.11140468750000002 0.603409375 0.118796875 0.6079546875 0.1346359375 0.6079546875 0.1451953125 0.603409375 0.1552265625 0.615340625 0.152059375 0.62556875 0.16261874999999998 0.634659375 0.1663140625 0.6443187499999999 0.17845781249999998 0.64943125 0.18426562500000002 0.6670453125 0.2011609375 0.6670453125 0.2148890625 0.65681875 0.232840625 0.6545453125 0.2602953125 0.6670453125 0.26399218750000003 0.6642046875000001 0.2624078125 0.6590906249999999 0.24656875 0.6579546875 0.24762343750000002 0.6522734375 0.22016874999999997 0.6375 0.218584375 0.6301140625 0.2529046875 0.6272734375 0.2602953125 0.61818125 0.280359375 0.6170453124999999 0.2877515625 0.6045453125 0.302534375 0.6045453125 0.30887031249999997 0.6 0.3225984375 0.6056812500000001 0.3189015625 0.609659375 0.3215421875 0.6125 0.33421406249999996 0.6102265625000001 0.33738125 0.6045453125 0.3416046875 0.609090625 0.3442453125 0.58693125 0.3426609375 0.58068125 0.32840625 0.58125 0.32840625 0.5948859375 0.34107656249999996 0.597159375 0.33421406249999996 0.603409375 0.326821875 0.5977265625 0.2866953125 0.5977265625 0.28194375 0.5892046875 0.28352656249999997 0.578409375 0.300421875 0.578409375 0.312565625 0.5732953125 0.302534375 0.5636359375 0.2972546875 0.5636359375 0.2940859375 0.55568125 0.290390625 0.55625 0.29355937499999996 0.5607953125 0.2898625 0.5636359375 0.26399218750000003 0.56306875 0.2608234375 0.5482953125 0.2756078125 0.527840625 0.2713828125 0.515340625 0.2592390625 0.5147734374999999 0.243928125 0.527840625 0.23653593750000002 0.5505687499999999
1 0.8310453125 0.7789765625 0.8157343750000001 0.7863640625 0.8125656250000001 0.7977265625000001 0.8009499999999999 0.8011359375 0.7967265625 0.8147734375000001 0.7845828125 0.8153406249999999 0.78194375 0.83181875 0.765046875 0.8352265624999999 0.7492078125 0.8488640625 0.722809375 0.8477265624999999 0.7059140625 0.8329546875 0.6911296874999999 0.8352265624999999 0.68690625 0.8613640625000001 0.6568109375 0.8642046875 0.6694828125 0.8732953125 0.6837375 0.8954546875 0.7006328125 0.90568125 0.718584375 0.9090906249999999 0.722809375 0.9147734375000001 0.7302 0.915909375 0.7375921875 0.9 0.75343125 0.8954546875 0.7808875 0.8977265624999999 0.7835265625 0.9448859374999999 0.7872234375 0.95 0.7988390625 0.9488640625 0.81309375 0.91875 0.8046468750000001 0.9130687500000001 0.8057015625 0.902840625 0.8574453125 0.8778406249999999 0.8680046875 0.8607953125 0.8775078125 0.83125 0.8922921875000001 0.81875 0.9102421875 0.78806875 0.905490625 0.7727265625 0.8780359375 0.7545453125 0.86166875 0.7528406249999999 0.8558609374999999 0.7522734375 0.8326296875000001 0.765909375 0.8310453125 0.7789765625
1 0.28194375 0.022159375000000002 0.2708546875 0.05113593749999999 0.255015625 0.05 0.2502640625 0.053976562500000005 0.2470953125 0.0664765625 0.25554375 0.0710234375 0.25237656249999996 0.0801140625 0.255015625 0.0863640625 0.2708546875 0.084090625 0.2866953125 0.0977265625 0.290390625 0.0801140625 0.2951421875 0.078409375 0.3057015625 0.08181875 0.3083421875 0.08693125 0.2972546875 0.0897734375 0.2967265625 0.097159375 0.3109828125 0.1022734375 0.312565625 0.08693125 0.3189015625 0.0857953125 0.3220703125 0.07556874999999999 0.34635625000000003 0.0460234375 0.357971875 0.0051140625000000006 0.33421406249999996 0 0.3315734375 0.0039765625 0.33685312500000003 0.0164765625 0.3294609375 0.024431249999999998 0.3326296875 0.0323859375 0.302534375 0.0386359375 0.29883906250000003 0.0301140625 0.312565625 0.0039765625 0.3072859375 0 0.30200625 0.00056875 0.29091875 0.019318750000000003 0.28194375 0.022159375000000002