1 0.5195359374999999 0.3517046875 0.5163671875 0.3732953125 0.533790625 0.39431875 0.54540625 0.39431875 0.5601906249999999 0.40568125000000005 0.5739171875 0.403409375 0.58289375 0.4085234375 0.5881734375 0.397159375 0.56071875 0.3823859375 0.5543828125 0.3698859375 0.5512140624999999 0.340340625 0.5464625 0.33409062500000003 0.5390703125 0.3363640625 0.532734375 0.3488640625 0.5195359374999999 0.3517046875
1 0.008975 0.6113640625000001 0.0005281250000000001 0.6079546875 0 0.68125 0.0052796875 0.6823859375 0.0190078125 0.6676140625 0.0147828125 0.6585234375 0.02111875 0.6551140625 0.02111875 0.6460234375 0.016895312500000002 0.6460234375 0.016367187499999998 0.6534093750000001 0.013728124999999999 0.6198859375 0.008975 0.6113640625000001
1 0.348996875 0.44318125 0.3574453125 0.4295453125 0.36219687500000003 0.434659375 0.360084375 0.44488593749999994 0.3680046875 0.4522734375 0.3896515625 0.452840625 0.3917640625 0.43125 0.38595625 0.4227265625 0.374340625 0.4238640625 0.373284375 0.42727343749999996 0.3690609375 0.42045468750000003 0.3442453125 0.4198859375 0.3426609375 0.44431875 0.348996875 0.44318125
1 0.605596875 0.1738640625 0.5971484375 0.17045468749999998 0.5844765625 0.18068125 0.557021875 0.18181875 0.548575 0.1738640625 0.5459343750000001 0.18125 0.549103125 0.18806875 0.5612453125 0.1897734375 0.569165625 0.20397656249999999 0.570221875 0.215340625 0.5638859375 0.21988593750000002 0.5776140625 0.22443125 0.6077078124999999 0.2079546875 0.61615625 0.19431875 0.6393875 0.1875 0.6483625 0.17556875 0.64044375 0.175 0.626715625 0.184090625 0.6119328125 0.1829546875 0.605596875 0.1738640625
1 0.4704328125 0.4727265625 0.463040625 0.48181874999999996 0.45987343750000004 0.47613593749999994 0.44403437500000004 0.4795453125 0.44139375000000003 0.4892046875 0.43400156250000005 0.4948859375 0.45248125000000006 0.5045453125 0.45565 0.51818125 0.4714890625 0.5170453125 0.486271875 0.5420453125 0.501584375 0.5426140625 0.509503125 0.5420453125 0.51214375 0.5323859375 0.5063359375 0.5238640625000001 0.4947203125 0.5204546875 0.49102499999999993 0.5073859374999999 0.48363281249999995 0.5039765625 0.48468906250000005 0.47215937500000005 0.4704328125 0.4727265625
1 0.463040625 0.3954546875 0.45881718749999995 0.390909375 0.45565 0.403409375 0.4239703125 0.4045453125 0.4223859375 0.39147656249999996 0.429778125 0.38465937499999997 0.4266109375 0.3767046875 0.4334734375 0.3761359375 0.4345296875 0.3829546875 0.439809375 0.38181875 0.439809375 0.3704546875 0.45353750000000004 0.384090625 0.4604015625 0.3801140625 0.45459375 0.371590625 0.47571250000000004 0.3704546875 0.4831046875 0.37727343750000003 0.49313593750000007 0.37215937499999996 0.49102499999999993 0.36534062500000003 0.439809375 0.35568125 0.4361140625 0.359659375 0.43664218750000006 0.36931875000000003 0.4239703125 0.36931875000000003 0.4223859375 0.352840625 0.40813125 0.3488640625 0.406546875 0.36875 0.41077031249999996 0.3767046875 0.40760312499999996 0.38125 0.41974687499999996 0.3761359375 0.4223859375 0.3835234375 0.406546875 0.38920468750000003 0.40760312499999996 0.422159375 0.42608281249999996 0.4170453125 0.43558593749999996 0.40681874999999995 0.4387546875 0.42045468750000003 0.453009375 0.42329531249999997 0.453009375 0.41647656250000004 0.44772968750000003 0.41306875 0.45565 0.4102265625 0.4609296875 0.41363593749999994 0.4593453125 0.40056875 0.467265625 0.3977265625 0.4688484375 0.39261406249999997 0.463040625 0.3954546875
1 0.5306234375 0.3477265625 0.5174234375 0.35056875 0.5142562500000001 0.37215937499999996 0.5227031249999999 0.38465937499999997 0.5174234375 0.38920468750000003 0.533790625 0.39659062500000003 0.54540625 0.39659062500000003 0.549103125 0.4142046875 0.55860625 0.41647656250000004 0.56758125 0.40681874999999995 0.5876453125000001 0.40681874999999995 0.5881734375 0.397159375 0.5617734375000001 0.38125 0.5554375 0.3698859375 0.5512140624999999 0.3392046875 0.5411828125 0.33409062500000003 0.5306234375 0.3477265625
1 0.40232343750000005 0.2710234375 0.3981 0.2539765625 0.3648359375 0.2613640625 0.33949375000000004 0.24886406249999998 0.3194296875 0.225 0.3057015625 0.22272656249999997 0.280359375 0.2295453125 0.265575 0.23977343750000002 0.265046875 0.2448859375 0.288278125 0.26761406249999997 0.2808875 0.2857953125 0.2851109375 0.30056875 0.2829984375 0.3073859375 0.28880625000000004 0.31818124999999997 0.29567031250000003 0.31875 0.2993671875 0.3079546875 0.31150937500000003 0.3051140625 0.31150937500000003 0.28806875 0.3289328125 0.26818125 0.3416046875 0.26818125 0.3648359375 0.28409062500000004 0.38595625 0.2829546875 0.40232343750000005 0.2710234375
1 0.5992609375 0.46022656250000005 0.5865890625 0.4647734375 0.5850046875 0.4732953125 0.580253125 0.475 0.5776140625 0.46306875 0.5739171875 0.4647734375 0.5522703124999999 0.4357953125 0.558078125 0.42045468750000003 0.548575 0.421590625 0.54540625 0.43409062499999995 0.54435 0.421590625 0.5179515625 0.41818125000000006 0.51214375 0.42443125000000004 0.5174234375 0.4357953125 0.5031671875 0.43863593749999996 0.49947187499999995 0.434659375 0.49894375 0.41931874999999996 0.47465624999999995 0.41931874999999996 0.4709609375 0.43125 0.46409687499999996 0.4375 0.4361140625 0.4392046875 0.4361140625 0.44375 0.44297812499999994 0.44772656250000004 0.455121875 0.447159375 0.44245 0.4551140625 0.44403437500000004 0.4647734375 0.45565 0.46136406250000006 0.45881718749999995 0.465909375 0.467265625 0.4647734375 0.47307343749999997 0.45738593749999995 0.4688484375 0.44602343749999995 0.47888125 0.4454546875 0.48363281249999995 0.45170468750000003 0.4815203125 0.45738593749999995 0.486271875 0.471590625 0.5 0.4727265625 0.5063359375 0.478409375 0.5168953125 0.475 0.5512140624999999 0.5017046875 0.557021875 0.49090937500000004 0.5644140625 0.49090937500000004 0.580253125 0.4795453125 0.5887015625 0.49090937500000004 0.6003171875 0.49431875 0.613515625 0.47784062499999996 0.6103484375 0.46875 0.5992609375 0.46022656250000005
1 0.2972546875 0.43636406250000004 0.302534375 0.43636406250000004 0.312565625 0.4267046875 0.300421875 0.421590625 0.28352656249999997 0.421590625 0.28194375 0.4107953125 0.2866953125 0.4022734375 0.326821875 0.4022734375 0.33421406249999996 0.39659062500000003 0.34107656249999996 0.40284062499999995 0.32840625 0.40511406250000004 0.32840625 0.41875 0.3426609375 0.41931874999999996 0.3442453125 0.41306875 0.3416046875 0.390909375 0.33738125 0.3954546875 0.33421406249999996 0.38977343750000004 0.3215421875 0.3875 0.3189015625 0.390340625 0.3225984375 0.39431875 0.30887031249999997 0.4 0.302534375 0.3954546875 0.2877515625 0.3954546875 0.280359375 0.3829546875 0.2602953125 0.38181875 0.2529046875 0.37272656249999997 0.218584375 0.3698859375 0.22016874999999997 0.3625 0.24762343750000002 0.3477265625 0.24656875 0.3420453125 0.2624078125 0.34090937499999996 0.26399218750000003 0.3357953125 0.2602953125 0.3329546875 0.232840625 0.3454546875 0.2148890625 0.34318125 0.2011609375 0.3329546875 0.18426562500000002 0.3329546875 0.17845781249999998 0.35056875 0.1663140625 0.35568125 0.16261874999999998 0.36534062500000003 0.152059375 0.37443125 0.1552265625 0.38465937499999997 0.1451953125 0.39659062500000003 0.1346359375 0.39204531249999997 0.118796875 0.39204531249999997 0.11140468750000002 0.39659062500000003 0.0881734375 0.371590625 0.06599843749999999 0.3670453125 0.055437499999999994 0.36931875000000003 0.039070312499999996 0.38806875 0.048046875 0.4022734375 0.0818375 0.3954546875 0.1092921875 0.4 0.1198515625 0.4125 0.1325234375 0.41931874999999996 0.1451953125 0.4079546875 0.164203125 0.403409375 0.1678984375 0.39943125 0.164203125 0.3875 0.20432968749999997 0.38181875 0.2164734375 0.4017046875 0.21964062499999998 0.42329531249999997 0.23653593750000002 0.44943125000000006 0.243928125 0.47215937500000005 0.2592390625 0.4852265625 0.2713828125 0.484659375 0.2756078125 0.47215937500000005 0.2608234375 0.45170468750000003 0.26399218750000003 0.43693125000000005 0.2898625 0.43636406250000004 0.29355937499999996 0.4392046875 0.290390625 0.44375 0.2940859375 0.44431875 0.2972546875 0.43636406250000004
1 0.8057015625 0.097159375 0.8046468750000001 0.08693125 0.81309375 0.08125 0.7988390625 0.05113593749999999 0.7872234375 0.05 0.7835265625 0.055114062500000005 0.7808875 0.1022734375 0.75343125 0.10454531250000001 0.7375921875 0.1 0.7302 0.084090625 0.722809375 0.0852265625 0.718584375 0.090909375 0.7006328125 0.09431874999999999 0.6837375 0.10454531250000001 0.6694828125 0.1267046875 0.6568109375 0.13579531250000001 0.68690625 0.1386359375 0.6911296874999999 0.1647734375 0.7059140625 0.16704531250000001 0.722809375 0.1522734375 0.7492078125 0.1511359375 0.765046875 0.1647734375 0.78194375 0.16818125 0.7845828125 0.18465937500000001 0.7967265625 0.1852265625 0.8009499999999999 0.1988640625 0.8125656250000001 0.20227343750000001 0.8157343750000001 0.2136359375 0.8310453125 0.22102343750000003 0.8326296875000001 0.23409062500000002 0.8558609374999999 0.24772656249999997 0.86166875 0.247159375 0.8780359375 0.24545468750000002 0.905490625 0.2272734375 0.9102421875 0.21193125 0.8922921875000001 0.18125 0.8775078125 0.16875 0.8680046875 0.13920468749999998 0.8574453125 0.122159375 0.8057015625 0.097159375
1 0.33421406249999996 1 0.357971875 0.9948859375 0.34635625000000003 0.9539765625 0.3220703125 0.9244312499999999 0.3189015625 0.9142046875000001 0.312565625 0.9130687500000001 0.3109828125 0.8977265624999999 0.2967265625 0.902840625 0.2972546875 0.9102265624999999 0.3083421875 0.9130687500000001 0.3057015625 0.91818125 0.2951421875 0.921590625 0.290390625 0.9198859374999999 0.2866953125 0.9022734375000001 0.2708546875 0.915909375 0.255015625 0.9136359374999999 0.25237656249999996 0.9198859374999999 0.25554375 0.9289765624999999 0.2470953125 0.9335234375000001 0.2502640625 0.9460234375000001 0.255015625 0.95 0.2708546875 0.9488640625 0.28194375 0.977840625 0.29091875 0.98068125 0.30200625 0.99943125 0.3072859375 1 0.312565625 0.9960234375000001 0.29883906250000003 0.9698859375 0.302534375 0.9613640625000001 0.3326296875 0.9676140625 0.3294609375 0.9755687500000001 0.33685312500000003 0.9835234375 0.3315734375 0.9960234375000001 0.33421406249999996 1