1 0.7320796875 0.9196328125000001 0.765296875 0.944890625 0.7736015625 0.9615390625 0.771853125 0.9741671875 0.77535 0.990240625 0.7810312500000001 0.9942593750000001 0.7884609375 0.9913890625 0.7893359375 0.9707234375 0.7840906249999999 0.95809375 0.7840906249999999 0.9443171875 0.7923953125 0.9311140625000001 0.799825 0.9270953125 0.799825 0.9225031250000001 0.788025 0.9081515625 0.7731640625 0.9058546875 0.765296875 0.9138921874999999 0.7443187499999999 0.9173359375000001 0.7215906249999999 0.9070031249999999 0.7207171875 0.9012625 0.7019234375 0.8972453125 0.6923078125 0.9006890625 0.6988640625 0.9104484375 0.7320796875 0.9196328125000001
1 0.7539328125 0.3490234375 0.746503125 0.37141250000000003 0.75 0.37485625 0.7530593750000001 0.40298437500000006 0.765296875 0.4041328125 0.76879375 0.41446562499999995 0.7862765625 0.41676250000000004 0.7858390625 0.421928125 0.7958921875 0.42824375000000003 0.8011359375 0.439725 0.8439687499999999 0.45465 0.8583921875 0.4437421875 0.8575171875 0.4311140625 0.8439687499999999 0.4179109375 0.83173125 0.41676250000000004 0.827359375 0.4064296875 0.8208046875000001 0.4024109375 0.8103140625 0.3737078125 0.8138109375000001 0.35189375 0.8199296875 0.3415609375 0.827796875 0.312859375 0.827796875 0.28759999999999997 0.8186187500000001 0.2904703125 0.78190625 0.34213593750000004 0.7539328125 0.3490234375
1 0.9689687499999999 0 0.9571671875 0.0155 0.9532343750000001 0.0275546875 0.9396859375 0.0315734375 0.9379375 0.09471874999999999 0.922640625 0.1125140625 0.9090906249999999 0.1165328125 0.9073421875 0.1337546875 0.89423125 0.141790625 0.8894234375 0.157290625 0.877621875 0.1601609375 0.8763109375000001 0.1768078125 0.890296875 0.172215625 0.8929203125 0.1595859375 0.922640625 0.15499374999999999 0.9261359375 0.14925312500000001 0.947115625 0.14925312500000001 0.9545453125 0.15671718750000002 0.95673125 0.1997703125 0.9820796875 0.1997703125 0.9868874999999999 0.1957515625 0.9877625 0.1808265625 0.9951921875 0.17795624999999998 1 0.1693453125 1 0.0005734374999999999 0.9798953125000001 0 0.9689687499999999 0
1 0.3889859375 0.3231921875 0.3929203125 0.3490234375 0.42176562500000003 0.3536171875 0.44798906250000003 0.3455796875 0.465471875 0.3536171875 0.4707171875 0.36395 0.49344374999999996 0.3662453125 0.5004375 0.38346718750000003 0.514859375 0.3863375 0.5179203125 0.40298437500000006 0.5314687499999999 0.407003125 0.5332171875 0.42078125 0.5463281249999999 0.429965625 0.5502625 0.4443171875 0.5764859375 0.4477609375 0.577796875 0.4632609375 0.58173125 0.46727968750000004 0.5992140625 0.46842656250000003 0.603146875 0.45522343750000005 0.609703125 0.4477609375 0.63155625 0.44316875 0.64379375 0.422503125 0.6551578124999999 0.4156140625 0.6634609375 0.40126249999999997 0.659528125 0.3869109375 0.6538468749999999 0.3863375 0.6564687499999999 0.3909296875 0.6507859375 0.3983921875 0.64335625 0.3932265625 0.6411718750000001 0.38346718750000003 0.615821875 0.38231875 0.6088281249999999 0.3742828125 0.6000875 0.38231875 0.572115625 0.384615625 0.565121875 0.39494843749999997 0.5633734375 0.384615625 0.540646875 0.38231875 0.5332171875 0.3737078125 0.5301578124999999 0.361653125 0.51879375 0.35591249999999997 0.5135484375 0.346728125 0.5039328125 0.34443125 0.4978140625 0.33294999999999997 0.48295468750000003 0.3226171875 0.45410781250000004 0.3214703125 0.4414328125 0.31400625 0.390296875 0.3157296875 0.38199375 0.319746875 0.3889859375 0.3231921875
1 0 0.316303125 0.0362765625 0.3111359375 0.0747375 0.3226171875 0.0791078125 0.33294999999999997 0.0992140625 0.34213593750000004 0.10270937499999999 0.3513203125 0.10620624999999999 0.3490234375 0.10970312499999998 0.365096875 0.1236890625 0.36395 0.14204531250000002 0.346728125 0.1988640625 0.3363953125 0.21722031249999998 0.34213593750000004 0.22333906250000002 0.36050468750000003 0.2478140625 0.361653125 0.25 0.3358203125 0.24213281250000002 0.32548750000000004 0.2508734375 0.32204375 0.2543703125 0.3059703125 0.23645156250000002 0.282434375 0.22552500000000003 0.28415625 0.22508750000000002 0.29965625 0.2045453125 0.2979328125 0.21197499999999997 0.26980468750000003 0.216346875 0.26865625 0.21896875 0.26176875 0.23820000000000002 0.2583234375 0.2482515625 0.24282499999999999 0.23645156250000002 0.23880625000000003 0.23339218750000001 0.23019531249999997 0.23339218750000001 0.20034375 0.241259375 0.1957515625 0.24388125 0.15556874999999998 0.240384375 0.1452359375 0.2360140625 0.1429390625 0.21066406249999997 0.1590125 0.208915625 0.1980484375 0.2049828125 0.20206718750000002 0.1883734375 0.1997703125 0.184003125 0.21354687499999997 0.1730765625 0.2198625 0.1730765625 0.2267515625 0.18181875 0.237084375 0.15559375 0.263490625 0.153846875 0.278415625 0.137675 0.2962109375 0.121940625 0.300803125 0.09309375 0.300803125 0.090909375 0.2887484375 0.08391562500000001 0.28415625 0.0917828125 0.278415625 0.09353125 0.24052812499999998 0.1022734375 0.237084375 0.11101406250000001 0.2164171875 0.11014062499999999 0.20149218750000003 0.1201921875 0.198621875 0.1232515625 0.191159375 0.121940625 0.17795624999999998 0.10882812500000001 0.1768078125 0.10270937499999999 0.1699203125 0.097465625 0.1756609375 0.0979015625 0.17049375 0.0948421875 0.1699203125 0.090909375 0.1957515625 0.086975 0.1905859375 0.077796875 0.202640625 0.0760484375 0.21756562499999998 0.06293750000000001 0.23019531249999997 0.0520109375 0.2502875 0.047640625 0.2502875 0.04326875 0.259471875 0.031906250000000004 0.26176875 0.027534375 0.26980468750000003 0.016171875 0.26865625 0 0.2795640625 0 0.316303125
1 0.4396859375 0.5952921875 0.4379375 0.604478125 0.44536718750000004 0.6291625 0.4676578125 0.6331796875 0.4676578125 0.6504015625 0.4239515625 0.6538468749999999 0.42307656250000003 0.6905859375000001 0.427884375 0.6877156249999999 0.44361875 0.69345625 0.45279687500000004 0.7055109374999999 0.45192343749999997 0.7227328125 0.447115625 0.7244546875 0.44361875 0.732490625 0.3771859375 0.7336390625 0.375 0.747990625 0.3771859375 0.7554531250000001 0.38199375 0.7571749999999999 0.38111875 0.7640640624999999 0.3771859375 0.7623421875 0.3758734375 0.774396875 0.3610140625 0.785878125 0.3575171875 0.8352468749999999 0.353584375 0.8335250000000001 0.346153125 0.8398390625 0.34353125 0.8570609375 0.3299828125 0.8587828125 0.3264859375 0.8783015625000001 0.3142484375 0.8760046875 0.2985140625 0.8817453125 0.2950171875 0.8978187500000001 0.2862765625 0.8989671875 0.2858390625 0.8869109375 0.2749125 0.880596875 0.2639859375 0.8857640625000001 0.2639859375 0.8983921875 0.260053125 0.9012625 0.27840937499999996 0.9173359375000001 0.2985140625 0.918484375 0.3007 0.9156140625000001 0.297203125 0.907578125 0.3020109375 0.8966703125000001 0.30638125 0.903559375 0.34659062500000004 0.8978187500000001 0.3487765625 0.8811703124999999 0.34440624999999997 0.876578125 0.34440624999999997 0.86395 0.34921406250000003 0.8587828125 0.3544578125 0.8668203125 0.364946875 0.8668203125 0.3728140625 0.8725609375 0.3763109375 0.880596875 0.396415625 0.88289375 0.39947499999999997 0.8857640625000001 0.39816406249999997 0.8920781249999999 0.4042828125 0.8897812500000001 0.422640625 0.8978187500000001 0.4300703125 0.8960968749999999 0.4396859375 0.86739375 0.45192343749999997 0.850171875 0.45454531249999997 0.8386906249999999 0.46940625 0.820321875 0.46896875 0.8163031249999999 0.46022656250000005 0.8151546875 0.4554203125 0.8053968749999999 0.46328593749999997 0.7778421875 0.48076875 0.7652125 0.485140625 0.736509375 0.49431875 0.7210109375 0.5231640625 0.70034375 0.5323421875000001 0.687140625 0.5288468749999999 0.6561421875 0.5166078125 0.649253125 0.5166078125 0.6331796875 0.485140625 0.5987375 0.48164375000000004 0.57233125 0.4763984375 0.570034375 0.46197499999999997 0.57175625 0.45061249999999997 0.588978125 0.4396859375 0.5952921875
1 1 0.48851875 0.989946875 0.48909375 0.9803328125 0.5074625 0.9733390625 0.5074625 0.961975 0.5177953125 0.95673125 0.5177953125 0.946678125 0.5298499999999999 0.940559375 0.547071875 0.9331296874999999 0.5499421875 0.9291953124999999 0.5608500000000001 0.91870625 0.57233125 0.9134609375 0.58725625 0.9204546875 0.592996875 0.9217656249999999 0.5993109375000001 0.9296328125000001 0.592421875 0.9453671874999999 0.588978125 0.9536718750000001 0.57921875 0.9571671875 0.547071875 0.9829546875 0.5074625 1 0.5149250000000001 1 0.48851875
1 0.8588281249999999 0.69345625 0.8483390625 0.69345625 0.8439687499999999 0.6888640625 0.827359375 0.6888640625 0.8260484375000001 0.6963265625 0.83129375 0.713546875 0.8378500000000001 0.7152703125000001 0.8430937500000001 0.72330625 0.8911718750000001 0.725603125 0.9077796875 0.717565625 0.922203125 0.7204359375 0.9230765625 0.6940296874999999 0.9152093750000001 0.6894375 0.8710671874999999 0.7014921875 0.8632 0.7014921875 0.8588281249999999 0.69345625
1 0.6713281249999999 0.433409375 0.66215 0.44661249999999997 0.6385484375 0.4477609375 0.6477265625 0.4517796875 0.6446671875 0.4569453125 0.637675 0.45120625 0.63155625 0.45465 0.6280593750000001 0.45120625 0.6245625 0.4649828125 0.6075171874999999 0.4690015625 0.615821875 0.475315625 0.6394234375 0.47990781250000003 0.6416078125 0.467853125 0.6551578124999999 0.46383437499999997 0.65690625 0.45579843750000004 0.6700171874999999 0.45465 0.6743875 0.46383437499999997 0.696240625 0.46383437499999997 0.6979890625 0.4569453125 0.702796875 0.456371875 0.7049828125000001 0.44546562500000003 0.7132859375 0.44259531250000006 0.7141609375 0.42078125 0.7036718750000001 0.40585468750000003 0.6866265625 0.41676250000000004 0.6743875 0.41676250000000004 0.6713281249999999 0.433409375
1 0.7382 0.9104484375 0.7329546875 0.9012625 0.702359375 0.8943749999999999 0.690996875 0.895521875 0.6905593750000001 0.9018375000000001 0.7006125 0.91274375 0.7268359375 0.9196328125000001 0.7644234375 0.9460390625 0.7701046875 0.9615390625 0.76923125 0.983353125 0.7766609375 0.9942593750000001 0.7854015624999999 0.9977031249999999 0.790209375 0.9913890625 0.790209375 0.971871875 0.784965625 0.9477609375 0.79326875 0.9322625 0.809440625 0.9225031250000001 0.8002625 0.9207812499999999 0.7888984375 0.9012625 0.7705421875 0.8966703125000001 0.7701046875 0.8892078124999999 0.765734375 0.9098734374999999 0.7539328125 0.9150406249999999 0.7382 0.9104484375
1 0.21153906249999999 0.1785296875 0.21066406249999997 0.19345625 0.20585625 0.20206718750000002 0.1879375 0.20149218750000003 0.1896859375 0.22215781250000002 0.1853140625 0.24282499999999999 0.18094375000000001 0.24741718750000002 0.184440625 0.255453125 0.18050625 0.256028125 0.17701093750000002 0.247990625 0.1735140625 0.247990625 0.17045468749999998 0.2600453125 0.1608390625 0.2680828125 0.163025 0.2789890625 0.177884375 0.2789890625 0.1730765625 0.2623421875 0.18050625 0.2583234375 0.1866265625 0.26176875 0.2325171875 0.2600453125 0.2325171875 0.20149218750000003 0.240384375 0.1957515625 0.240384375 0.1785296875 0.23339218750000001 0.17049375 0.2386359375 0.1601609375 0.23339218750000001 0.1578640625 0.21678281250000003 0.1601609375 0.2176578125 0.1750859375 0.21153906249999999 0.1785296875
1 0.077796875 0.2037890625 0.0769234375 0.21756562499999998 0.06293750000000001 0.232490625 0.055070312499999996 0.24741718750000002 0.059003125000000003 0.2583234375 0.0520109375 0.2583234375 0.053321875 0.252009375 0.047640625 0.251434375 0.0450171875 0.2606203125 0.034528125 0.26176875 0.0266609375 0.2721015625 0.015296874999999998 0.2721015625 0.0135484375 0.2789890625 0.00043750000000000006 0.28013750000000004 0 0.312859375 0.0118 0.312284375 0.0240390625 0.3019515625 0.039773437499999995 0.300803125 0.0458921875 0.3019515625 0.047640625 0.3099890625 0.0546328125 0.3099890625 0.0515734375 0.3036734375 0.053321875 0.2887484375 0.0454546875 0.2853046875 0.053759375 0.282434375 0.059440625000000004 0.28645312500000003 0.056818749999999994 0.308265625 0.0668703125 0.31458125 0.06818125 0.301378125 0.06337343749999999 0.3076921875 0.0603140625 0.2979328125 0.0616265625 0.29161875 0.0668703125 0.297359375 0.06905625 0.28759999999999997 0.059440625000000004 0.28415625 0.0747375 0.2835828125 0.084353125 0.2789890625 0.08610156249999999 0.2732484375 0.090909375 0.278415625 0.0917828125 0.2393796875 0.09965 0.237084375 0.09833906249999999 0.233065625 0.09353125 0.2336390625 0.09353125 0.2210109375 0.10620624999999999 0.2204359375 0.10839218749999999 0.20034375 0.122378125 0.1923078125 0.121940625 0.1791046875 0.11014062499999999 0.1785296875 0.0917828125 0.1808265625 0.0917828125 0.19690000000000002 0.077796875 0.2037890625
1 1 0.11538437500000001 0.9864515624999999 0.11940312500000001 0.9698421875 0.1136625 0.9576046874999999 0.115959375 0.9545453125 0.1050515625 0.9545453125 0.09586718749999999 0.9663468749999999 0.0941453125 0.9702796875 0.074053125 0.9759609375 0.07233125 0.9820796875 0.0631453125 0.9868874999999999 0.066015625 0.987325 0.073478125 1 0.074053125 0.9982515624999999 0.040757812500000004 0.9956296874999999 0.0373140625 1 0.021240625 0.9991265625000001 0.010906250000000001 0.99431875 0.0045921875 0.9855765625 0.0080375 0.975525 0.0005734374999999999 0.9720281249999999 0.0005734374999999999 0.9702796875 0.010906250000000001 0.9645984375 0.0137765625 0.9549828125 0.029849999999999998 0.940559375 0.036165625 0.940559375 0.0533875 0.9532343750000001 0.05396093749999999 0.9554203125 0.0648671875 0.9532343750000001 0.07577500000000001 0.940559375 0.07749687499999999 0.9388109375000001 0.11423593750000001 0.9545453125 0.1188296875 0.9532343750000001 0.122846875 0.940559375 0.12456875 0.952359375 0.12629218749999999 0.9545453125 0.130309375 0.9554203125 0.1957515625 0.9645984375 0.2032140625 0.984703125 0.1974734375 0.9868874999999999 0.1785296875 0.99431875 0.1768078125 1 0.168196875 1 0.11538437500000001
1 0.8011359375 0.312284375 0.78190625 0.34213593750000004 0.7644234375 0.34443125 0.7521859375 0.3513203125 0.746503125 0.365671875 0.753496875 0.3932265625 0.7578671875 0.3909296875 0.76879375 0.41446562499999995 0.784528125 0.41676250000000004 0.7840906249999999 0.42307656250000003 0.797203125 0.433409375 0.7993875 0.44316875 0.8116265625000001 0.44202031249999996 0.8159968750000001 0.4477609375 0.8439687499999999 0.45579843750000004 0.8592656249999999 0.44489062500000004 0.8592656249999999 0.4288171875 0.8430937500000001 0.41676250000000004 0.83173125 0.41676250000000004 0.815559375 0.392078125 0.8111890624999999 0.3760046875 0.8146859375 0.34959843749999997 0.8208046875000001 0.3415609375 0.8295453125 0.30711875 0.827796875 0.28645312500000003 0.81949375 0.2904703125 0.8072546875000001 0.3099890625 0.8011359375 0.312284375
1 0.3916078125 0.3346734375 0.3924828125 0.350746875 0.4252625 0.35246875 0.43225468749999996 0.3455796875 0.45061249999999997 0.34443125 0.466346875 0.3513203125 0.4707171875 0.36395 0.4978140625 0.36395 0.5008734375 0.3702640625 0.4991265625 0.380596875 0.5144234375 0.384615625 0.5179203125 0.40183749999999996 0.5301578124999999 0.399540625 0.534965625 0.407003125 0.5332171875 0.421928125 0.5463281249999999 0.4288171875 0.5493875 0.44316875 0.5764859375 0.4477609375 0.577796875 0.46211250000000004 0.58173125 0.46613125 0.6000875 0.46727968750000004 0.600525 0.4483359375 0.6044578125 0.44546562500000003 0.6271859375 0.44661249999999997 0.6267484375000001 0.43800156250000005 0.635053125 0.425946875 0.639859375 0.426521875 0.64379375 0.41446562499999995 0.6551578124999999 0.41331875 0.6634609375 0.40355937500000005 0.6612765625 0.38346718750000003 0.615821875 0.38231875 0.6079546875 0.37543125 0.603584375 0.37543125 0.6009609375 0.38231875 0.5799828125000001 0.384615625 0.5764859375 0.396096875 0.55638125 0.396096875 0.553759375 0.40068906249999997 0.5485140625 0.3972453125 0.546765625 0.40183749999999996 0.540646875 0.40183749999999996 0.5393359375 0.3966703125 0.5450171874999999 0.396096875 0.5463281249999999 0.388634375 0.5415203125 0.39035625 0.5292828125 0.36395 0.5161718750000001 0.361653125 0.514859375 0.350746875 0.5030593750000001 0.34443125 0.4978140625 0.3340984375 0.48382812499999994 0.323765625 0.45323437499999997 0.3214703125 0.4414328125 0.31515468750000003 0.38942343749999997 0.318025 0.3872375 0.3243390625 0.3916078125 0.3346734375
1 0 0.873134375 0.029282812499999998 0.8622265625000001 0.06337343749999999 0.8702640625000001 0.0791078125 0.8794484375 0.1210671875 0.8794484375 0.14029687500000002 0.888634375 0.15690625 0.8863375 0.1700171875 0.8897812500000001 0.17963281250000002 0.8966703125000001 0.184878125 0.8966703125000001 0.1875 0.8897812500000001 0.21372343749999997 0.8909296875000001 0.2355765625 0.9058546875 0.2635484375 0.9081515625 0.283653125 0.9242250000000001 0.341346875 0.9311140625000001 0.362325 0.9104484375 0.378059375 0.9115953125 0.3999125 0.8966703125000001 0.434003125 0.8989671875 0.4396859375 0.8708375 0.45192343749999997 0.8536171875 0.4554203125 0.8398390625 0.478146875 0.8134328125 0.4707171875 0.8094140624999999 0.46285 0.81400625 0.45629375000000005 0.7985078125 0.4624125 0.7927671875 0.46896875 0.77611875 0.48076875 0.7663609375 0.48951093749999997 0.727325 0.522290625 0.7014921875 0.5323421875000001 0.687140625 0.5270984375000001 0.6561421875 0.5166078125 0.649253125 0.515734375 0.6320328125 0.48688750000000003 0.5998859375000001 0.48251718749999994 0.57233125 0.47552500000000003 0.5688859374999999 0.45585624999999996 0.5706078125 0.45017500000000005 0.58725625 0.43924843750000003 0.592421875 0.43575156249999997 0.6016078125 0.42438750000000003 0.600459375 0.41914375000000004 0.591275 0.3885484375 0.592421875 0.365821875 0.60964375 0.34571718749999997 0.6107921875 0.341346875 0.6211249999999999 0.328671875 0.6239953125000001 0.32823437499999997 0.6291625 0.3426578125 0.6320328125 0.34527968750000004 0.660734375 0.3513984375 0.6653265625 0.3509609375 0.67049375 0.3583921875 0.6699203125000001 0.3614515625 0.6291625 0.4051578125 0.6314578125 0.408653125 0.6371984375 0.41914375000000004 0.638346875 0.4134609375 0.649253125 0.42045468750000003 0.6504015625 0.42045468750000003 0.6699203125000001 0.4077796875 0.6739375 0.40646875 0.6905859375000001 0.3929203125 0.694603125 0.3889859375 0.7169921875 0.3758734375 0.7261765625 0.3732515625 0.7491390625000001 0.365384375 0.7606203125000001 0.366259375 0.7721015625 0.3575171875 0.7927671875 0.3487765625 0.8019515625 0.3513984375 0.820321875 0.3426578125 0.8455796875000001 0.3177453125 0.8702640625000001 0.2923953125 0.8817453125 0.272290625 0.8794484375 0.2521859375 0.8863375 0.21547187499999998 0.8760046875 0.17701093750000002 0.8771531250000001 0.16914374999999998 0.865671875 0.16215 0.8633749999999999 0.1507859375 0.8737078125 0.14466718750000002 0.8737078125 0.11844375 0.8633749999999999 0.09833906249999999 0.8438578124999999 0.0834796875 0.8358203124999999 0.065996875 0.8358203124999999 0.05550625 0.8438578124999999 0.016171875 0.8335250000000001 0 0.8386906249999999 0 0.873134375