1 0.45459375 0.39431875 0.46620937500000004 0.39431875 0.48363281249999995 0.3732953125 0.4804640625 0.3517046875 0.467265625 0.3488640625 0.4609296875 0.3363640625 0.45353750000000004 0.33409062500000003 0.4487859375 0.340340625 0.4456171875 0.3698859375 0.43928124999999996 0.3823859375 0.41182656250000005 0.397159375 0.41710624999999996 0.4085234375 0.42608281249999996 0.403409375 0.439809375 0.40568125000000005 0.45459375 0.39431875
1 0.9910249999999999 0.6113640625000001 0.9862718750000001 0.6198859375 0.9836328125 0.6534093750000001 0.9831046875 0.6460234375 0.97888125 0.6460234375 0.97888125 0.6551140625 0.9852171875 0.6585234375 0.9809921875000001 0.6676140625 0.9947203124999999 0.6823859375 1 0.68125 0.999471875 0.6079546875 0.9910249999999999 0.6113640625000001
1 0.637803125 0.434659375 0.6425546875 0.4295453125 0.651003125 0.44318125 0.6573390625 0.44431875 0.6557546875 0.4198859375 0.6309390625 0.42045468750000003 0.626715625 0.42727343749999996 0.625659375 0.4238640625 0.61404375 0.4227265625 0.6082359375 0.43125 0.6103484375 0.452840625 0.6319953125 0.4522734375 0.639915625 0.44488593749999994 0.637803125 0.434659375
1 0.430834375 0.20397656249999999 0.4387546875 0.1897734375 0.45089687500000003 0.18806875 0.454065625 0.18125 0.45142499999999997 0.1738640625 0.44297812499999994 0.18181875 0.4155234375 0.18068125 0.4028515625 0.17045468749999998 0.394403125 0.1738640625 0.3880671875 0.1829546875 0.373284375 0.184090625 0.35955625 0.175 0.3516375 0.17556875 0.3606125 0.1875 0.38384375 0.19431875 0.3922921875 0.2079546875 0.4223859375 0.22443125 0.4361140625 0.21988593750000002 0.429778125 0.215340625 0.430834375 0.20397656249999999
1 0.54435 0.51818125 0.5475187499999999 0.5045453125 0.5659984375 0.4948859375 0.55860625 0.4892046875 0.555965625 0.4795453125 0.5401265625 0.47613593749999994 0.536959375 0.48181874999999996 0.5295671875 0.4727265625 0.5153109375 0.47215937500000005 0.5163671875 0.5039765625 0.5089750000000001 0.5073859374999999 0.5052796875000001 0.5204546875 0.4936640625 0.5238640625000001 0.48785625 0.5323859375 0.490496875 0.5420453125 0.498415625 0.5426140625 0.513728125 0.5420453125 0.5285109375 0.5170453125 0.54435 0.51818125
1 0.5739171875 0.4170453125 0.592396875 0.422159375 0.593453125 0.38920468750000003 0.5776140625 0.3835234375 0.580253125 0.3761359375 0.592396875 0.38125 0.5892296875 0.3767046875 0.593453125 0.36875 0.5918687499999999 0.3488640625 0.5776140625 0.352840625 0.5760296874999999 0.36931875000000003 0.5633578124999999 0.36931875000000003 0.5638859375 0.359659375 0.5601906249999999 0.35568125 0.5089750000000001 0.36534062500000003 0.5068640624999999 0.37215937499999996 0.5168953125 0.37727343750000003 0.5242875 0.3704546875 0.54540625 0.371590625 0.5395984375 0.3801140625 0.5464625 0.384090625 0.5601906249999999 0.3704546875 0.5601906249999999 0.38181875 0.5654703125 0.3829546875 0.5665265625 0.3761359375 0.5733890625 0.3767046875 0.570221875 0.38465937499999997 0.5776140625 0.39147656249999996 0.5760296874999999 0.4045453125 0.54435 0.403409375 0.5411828125 0.390909375 0.536959375 0.3954546875 0.5311515625000001 0.39261406249999997 0.532734375 0.3977265625 0.5406546875 0.40056875 0.5390703125 0.41363593749999994 0.54435 0.4102265625 0.5522703124999999 0.41306875 0.5469906250000001 0.41647656250000004 0.5469906250000001 0.42329531249999997 0.5612453125 0.42045468750000003 0.5644140625 0.40681874999999995 0.5739171875 0.4170453125
1 0.46620937500000004 0.39659062500000003 0.4825765625 0.38920468750000003 0.47729687500000006 0.38465937499999997 0.48574375 0.37215937499999996 0.4825765625 0.35056875 0.46937656250000004 0.3477265625 0.45881718749999995 0.33409062500000003 0.4487859375 0.3392046875 0.44456249999999997 0.3698859375 0.43822656249999997 0.38125 0.41182656250000005 0.397159375 0.4123546875 0.40681874999999995 0.43241874999999996 0.40681874999999995 0.44139375000000003 0.41647656250000004 0.45089687500000003 0.4142046875 0.45459375 0.39659062500000003 0.46620937500000004 0.39659062500000003
1 0.7148890625 0.30056875 0.7191125 0.2857953125 0.7117218750000001 0.26761406249999997 0.734953125 0.2448859375 0.734425 0.23977343750000002 0.719640625 0.2295453125 0.6942984375 0.22272656249999997 0.6805703125 0.225 0.66050625 0.24886406249999998 0.6351640625 0.2613640625 0.6019 0.2539765625 0.5976765625 0.2710234375 0.61404375 0.2829546875 0.6351640625 0.28409062500000004 0.6583953124999999 0.26818125 0.6710671875 0.26818125 0.688490625 0.28806875 0.688490625 0.3051140625 0.7006328125 0.3079546875 0.7043296875 0.31875 0.71119375 0.31818124999999997 0.7170015624999999 0.3073859375 0.7148890625 0.30056875
1 0.5 0.4727265625 0.513728125 0.471590625 0.5184796875 0.45738593749999995 0.5163671875 0.45170468750000003 0.5211187500000001 0.4454546875 0.5311515625000001 0.44602343749999995 0.5269265625 0.45738593749999995 0.532734375 0.4647734375 0.5411828125 0.465909375 0.54435 0.46136406250000006 0.555965625 0.4647734375 0.55755 0.4551140625 0.544878125 0.447159375 0.557021875 0.44772656250000004 0.5638859375 0.44375 0.5638859375 0.4392046875 0.535903125 0.4375 0.5290390625 0.43125 0.52534375 0.41931874999999996 0.50105625 0.41931874999999996 0.500528125 0.434659375 0.4968328125 0.43863593749999996 0.4825765625 0.4357953125 0.48785625 0.42443125000000004 0.48204843750000004 0.41818125000000006 0.45565 0.421590625 0.45459375 0.43409062499999995 0.45142499999999997 0.421590625 0.44192187499999996 0.42045468750000003 0.44772968750000003 0.4357953125 0.42608281249999996 0.4647734375 0.4223859375 0.46306875 0.41974687499999996 0.475 0.4149953125 0.4732953125 0.4134109375 0.4647734375 0.4007390625 0.46022656250000005 0.3896515625 0.46875 0.386484375 0.47784062499999996 0.3996828125 0.49431875 0.4112984375 0.49090937500000004 0.41974687499999996 0.4795453125 0.43558593749999996 0.49090937500000004 0.44297812499999994 0.49090937500000004 0.4487859375 0.5017046875 0.4831046875 0.475 0.4936640625 0.478409375 0.5 0.4727265625
1 0.7634640625 0.44943125000000006 0.780359375 0.42329531249999997 0.7835265625 0.4017046875 0.7956703125 0.38181875 0.835796875 0.3875 0.8321015624999999 0.39943125 0.835796875 0.403409375 0.8548046875 0.4079546875 0.8674765624999999 0.41931874999999996 0.8801484374999999 0.4125 0.8907078125 0.4 0.9181625 0.3954546875 0.951953125 0.4022734375 0.9609296875 0.38806875 0.9445625 0.36931875000000003 0.9340015625 0.3670453125 0.9118265624999999 0.371590625 0.8885953125 0.39659062500000003 0.8812031250000001 0.39204531249999997 0.8653640625 0.39204531249999997 0.8548046875 0.39659062500000003 0.8447734375 0.38465937499999997 0.847940625 0.37443125 0.83738125 0.36534062500000003 0.8336859375 0.35568125 0.8215421875000001 0.35056875 0.8157343750000001 0.3329546875 0.7988390625 0.3329546875 0.7851109375 0.34318125 0.7671593750000001 0.3454546875 0.7397046875 0.3329546875 0.7360078125 0.3357953125 0.7375921875 0.34090937499999996 0.75343125 0.3420453125 0.7523765625000001 0.3477265625 0.77983125 0.3625 0.781415625 0.3698859375 0.7470953125 0.37272656249999997 0.7397046875 0.38181875 0.719640625 0.3829546875 0.7122484375 0.3954546875 0.697465625 0.3954546875 0.6911296874999999 0.4 0.6774015624999999 0.39431875 0.6810984375 0.390340625 0.6784578125 0.3875 0.6657859375 0.38977343750000004 0.66261875 0.3954546875 0.6583953124999999 0.390909375 0.6557546875 0.41306875 0.6573390625 0.41931874999999996 0.67159375 0.41875 0.67159375 0.40511406250000004 0.6589234375 0.40284062499999995 0.6657859375 0.39659062500000003 0.673178125 0.4022734375 0.7133046875 0.4022734375 0.71805625 0.4107953125 0.7164734375 0.421590625 0.699578125 0.421590625 0.687434375 0.4267046875 0.697465625 0.43636406250000004 0.7027453125 0.43636406250000004 0.7059140625 0.44431875 0.709609375 0.44375 0.706440625 0.4392046875 0.7101375 0.43636406250000004 0.7360078125 0.43693125000000005 0.7391765625 0.45170468750000003 0.7243921875 0.47215937500000005 0.7286171875 0.484659375 0.7407609374999999 0.4852265625 0.7560718750000001 0.47215937500000005 0.7634640625 0.44943125000000006
1 0.1689546875 0.22102343750000003 0.18426562500000002 0.2136359375 0.187434375 0.20227343750000001 0.19905 0.1988640625 0.2032734375 0.1852265625 0.2154171875 0.18465937500000001 0.21805625 0.16818125 0.234953125 0.1647734375 0.2507921875 0.1511359375 0.27719062499999997 0.1522734375 0.2940859375 0.16704531250000001 0.30887031249999997 0.1647734375 0.31309375 0.1386359375 0.3431890625 0.13579531250000001 0.33051718750000003 0.1267046875 0.3162625 0.10454531250000001 0.2993671875 0.09431874999999999 0.281415625 0.090909375 0.27719062499999997 0.0852265625 0.2698 0.084090625 0.2624078125 0.1 0.24656875 0.10454531250000001 0.2191125 0.1022734375 0.2164734375 0.055114062500000005 0.2127765625 0.05 0.2011609375 0.05113593749999999 0.18690625 0.08125 0.195353125 0.08693125 0.1942984375 0.097159375 0.1425546875 0.122159375 0.13199531250000002 0.13920468749999998 0.12249218749999999 0.16875 0.10770781250000001 0.18125 0.0897578125 0.21193125 0.09450937499999999 0.2272734375 0.1219640625 0.24545468750000002 0.13833125 0.247159375 0.1441390625 0.24772656249999997 0.1673703125 0.23409062500000002 0.1689546875 0.22102343750000003
1 0.71805625 0.977840625 0.7291453125 0.9488640625 0.744984375 0.95 0.7497359375 0.9460234375000001 0.7529046875 0.9335234375000001 0.74445625 0.9289765624999999 0.7476234374999999 0.9198859374999999 0.744984375 0.9136359374999999 0.7291453125 0.915909375 0.7133046875 0.9022734375000001 0.709609375 0.9198859374999999 0.7048578125 0.921590625 0.6942984375 0.91818125 0.6916578125 0.9130687500000001 0.7027453125 0.9102265624999999 0.7032734375 0.902840625 0.6890171875 0.8977265624999999 0.687434375 0.9130687500000001 0.6810984375 0.9142046875000001 0.6779296875 0.9244312499999999 0.65364375 0.9539765625 0.6420281250000001 0.9948859375 0.6657859375 1 0.6684265625 0.9960234375000001 0.663146875 0.9835234375 0.6705390625 0.9755687500000001 0.6673703125 0.9676140625 0.697465625 0.9613640625000001 0.7011609375 0.9698859375 0.687434375 0.9960234375000001 0.6927140625 1 0.69799375 0.99943125 0.70908125 0.98068125 0.71805625 0.977840625