1 0.799825 0.0729046875 0.7923953125 0.06888593750000001 0.7840906249999999 0.0556828125 0.7840906249999999 0.04190625 0.7893359375 0.0292765625 0.7884609375 0.0086109375 0.7810312500000001 0.005740625 0.77535 0.009759375 0.771853125 0.025832812500000003 0.7736015625 0.0384609375 0.765296875 0.055109375 0.7320796875 0.0803671875 0.6988640625 0.0895515625 0.6923078125 0.0993109375 0.7019234375 0.10275468750000001 0.7207171875 0.0987375 0.7215906249999999 0.092996875 0.7443187499999999 0.0826640625 0.765296875 0.0861078125 0.7731640625 0.0941453125 0.788025 0.0918484375 0.799825 0.07749687499999999 0.799825 0.0729046875
1 0.8439687499999999 0.5820890624999999 0.8575171875 0.5688859374999999 0.8583921875 0.5562578125 0.8439687499999999 0.54535 0.8011359375 0.5602750000000001 0.7958921875 0.57175625 0.7858390625 0.578071875 0.7862765625 0.5832375 0.76879375 0.585534375 0.765296875 0.5958671875 0.7530593750000001 0.5970156249999999 0.75 0.62514375 0.746503125 0.6285875 0.7539328125 0.6509765625 0.78190625 0.6578640625000001 0.8186187500000001 0.7095296875 0.827796875 0.7123999999999999 0.827796875 0.687140625 0.8199296875 0.6584390625000001 0.8138109375000001 0.64810625 0.8103140625 0.6262921875 0.8208046875000001 0.5975890625 0.827359375 0.5935703125 0.83173125 0.5832375 0.8439687499999999 0.5820890624999999
1 1 0.8306546875 0.9951921875 0.82204375 0.9877625 0.8191734374999999 0.9868874999999999 0.8042484375000001 0.9820796875 0.8002296875000001 0.95673125 0.8002296875000001 0.9545453125 0.8432828125 0.947115625 0.8507468749999999 0.9261359375 0.8507468749999999 0.922640625 0.84500625 0.8929203125 0.8404140625000001 0.890296875 0.827784375 0.8763109375000001 0.8231921874999999 0.877621875 0.8398390625 0.8894234375 0.8427093749999999 0.89423125 0.858209375 0.9073421875 0.8662453125 0.9090906249999999 0.8834671875 0.922640625 0.8874859374999999 0.9379375 0.90528125 0.9396859375 0.9684265625 0.9532343750000001 0.9724453125 0.9571671875 0.9845 0.9689687499999999 1 0.9798953125000001 1 1 0.9994265625000001 1 0.8306546875
1 0.5332171875 0.6262921875 0.540646875 0.61768125 0.5633734375 0.615384375 0.565121875 0.6050515625 0.572115625 0.615384375 0.6000875 0.61768125 0.6088281249999999 0.6257171875 0.615821875 0.61768125 0.6411718750000001 0.6165328125 0.64335625 0.6067734375 0.6507859375 0.6016078125 0.6564687499999999 0.6090703125 0.6538468749999999 0.6136625 0.659528125 0.6130890625000001 0.6634609375 0.5987375 0.6551578124999999 0.5843859375 0.64379375 0.577496875 0.63155625 0.55683125 0.609703125 0.5522390625 0.603146875 0.5447765625 0.5992140625 0.5315734375 0.58173125 0.5327203125 0.577796875 0.5367390624999999 0.5764859375 0.5522390625 0.5502625 0.5556828125 0.5463281249999999 0.570034375 0.5332171875 0.57921875 0.5314687499999999 0.592996875 0.5179203125 0.5970156249999999 0.514859375 0.6136625 0.5004375 0.6165328125 0.49344374999999996 0.6337546875 0.4707171875 0.63605 0.465471875 0.6463828125 0.44798906250000003 0.6544203125 0.42176562500000003 0.6463828125 0.3929203125 0.6509765625 0.3889859375 0.6768078125 0.38199375 0.680253125 0.390296875 0.6842703125 0.4414328125 0.68599375 0.45410781250000004 0.6785296875 0.48295468750000003 0.6773828125 0.4978140625 0.6670499999999999 0.5039328125 0.65556875 0.5135484375 0.653271875 0.51879375 0.6440875 0.5301578124999999 0.638346875 0.5332171875 0.6262921875
1 0 0.7204359375 0.016171875 0.73134375 0.027534375 0.7301953125 0.031906250000000004 0.73823125 0.04326875 0.740528125 0.047640625 0.7497125 0.0520109375 0.7497125 0.06293750000000001 0.7698046875 0.0760484375 0.782434375 0.077796875 0.797359375 0.086975 0.8094140624999999 0.090909375 0.8042484375000001 0.0948421875 0.8300796874999999 0.0979015625 0.82950625 0.097465625 0.8243390625 0.10270937499999999 0.8300796874999999 0.10882812500000001 0.8231921874999999 0.121940625 0.82204375 0.1232515625 0.808840625 0.1201921875 0.8013781249999999 0.11014062499999999 0.7985078125 0.11101406250000001 0.7835828125 0.1022734375 0.762915625 0.09353125 0.759471875 0.0917828125 0.7215843750000001 0.08391562500000001 0.71584375 0.090909375 0.7112515625 0.09309375 0.6991968749999999 0.121940625 0.6991968749999999 0.137675 0.7037890625000001 0.153846875 0.7215843750000001 0.15559375 0.736509375 0.18181875 0.762915625 0.1730765625 0.7732484375 0.1730765625 0.7801375 0.184003125 0.786453125 0.1883734375 0.8002296875000001 0.2049828125 0.7979328125 0.208915625 0.8019515625 0.21066406249999997 0.8409875 0.2360140625 0.8570609375 0.240384375 0.8547640624999999 0.24388125 0.8444312500000001 0.241259375 0.8042484375000001 0.23339218750000001 0.79965625 0.23339218750000001 0.7698046875 0.23645156250000002 0.76119375 0.2482515625 0.7571749999999999 0.23820000000000002 0.7416765625 0.21896875 0.73823125 0.216346875 0.73134375 0.21197499999999997 0.7301953125 0.2045453125 0.7020671875 0.22508750000000002 0.70034375 0.22552500000000003 0.71584375 0.23645156250000002 0.717565625 0.2543703125 0.6940296874999999 0.2508734375 0.67795625 0.24213281250000002 0.6745125 0.25 0.6641796875 0.2478140625 0.638346875 0.22333906250000002 0.6394953125 0.21722031249999998 0.6578640625000001 0.1988640625 0.6636046875 0.14204531250000002 0.653271875 0.1236890625 0.63605 0.10970312499999998 0.634903125 0.10620624999999999 0.6509765625 0.10270937499999999 0.6486796874999999 0.0992140625 0.6578640625000001 0.0791078125 0.6670499999999999 0.0747375 0.6773828125 0.0362765625 0.6888640625 0 0.683696875 0 0.7204359375
1 0.49431875 0.2789890625 0.485140625 0.263490625 0.48076875 0.2347875 0.46328593749999997 0.22215781250000002 0.4554203125 0.19460312500000002 0.46022656250000005 0.1848453125 0.46896875 0.183696875 0.46940625 0.179678125 0.45454531249999997 0.161309375 0.45192343749999997 0.149828125 0.4396859375 0.13260624999999998 0.4300703125 0.10390312500000001 0.422640625 0.10218125 0.4042828125 0.11021875 0.39816406249999997 0.10792187499999999 0.39947499999999997 0.11423593750000001 0.396415625 0.11710625 0.3763109375 0.11940312500000001 0.3728140625 0.1274390625 0.364946875 0.1331796875 0.3544578125 0.1331796875 0.34921406250000003 0.1412171875 0.34440624999999997 0.13605 0.34440624999999997 0.12342187499999999 0.3487765625 0.1188296875 0.34659062500000004 0.10218125 0.30638125 0.096440625 0.3020109375 0.1033296875 0.297203125 0.092421875 0.3007 0.0843859375 0.2985140625 0.08151562500000001 0.27840937499999996 0.0826640625 0.260053125 0.0987375 0.2639859375 0.10160781249999999 0.2639859375 0.11423593750000001 0.2749125 0.11940312500000001 0.2858390625 0.11308906249999999 0.2862765625 0.1010328125 0.2950171875 0.10218125 0.2985140625 0.11825468750000001 0.3142484375 0.1239953125 0.3264859375 0.1216984375 0.3299828125 0.1412171875 0.34353125 0.1429390625 0.346153125 0.1601609375 0.353584375 0.16647499999999998 0.3575171875 0.164753125 0.3610140625 0.21412187500000002 0.3758734375 0.225603125 0.3771859375 0.2376578125 0.38111875 0.2359359375 0.38199375 0.24282499999999999 0.3771859375 0.244546875 0.375 0.252009375 0.3771859375 0.2663609375 0.44361875 0.267509375 0.447115625 0.2755453125 0.45192343749999997 0.2772671875 0.45279687500000004 0.2944890625 0.44361875 0.30654375 0.427884375 0.312284375 0.42307656250000003 0.30941406250000003 0.4239515625 0.346153125 0.4676578125 0.34959843749999997 0.4676578125 0.36682031249999997 0.44536718750000004 0.37083750000000004 0.4379375 0.39552187499999997 0.4396859375 0.4047078125 0.45061249999999997 0.411021875 0.46197499999999997 0.42824375000000003 0.4763984375 0.429965625 0.48164375000000004 0.42766875000000004 0.485140625 0.40126249999999997 0.5166078125 0.36682031249999997 0.5166078125 0.350746875 0.5288468749999999 0.34385781249999997 0.5323421875000001 0.312859375 0.5231640625 0.29965625 0.49431875 0.2789890625
1 1 0.485075 0.9829546875 0.49253749999999996 0.9571671875 0.452928125 0.9536718750000001 0.42078125 0.9453671874999999 0.411021875 0.9296328125000001 0.407578125 0.9217656249999999 0.40068906249999997 0.9204546875 0.407003125 0.9134609375 0.41274375 0.91870625 0.42766875000000004 0.9291953124999999 0.43915 0.9331296874999999 0.4500578125 0.940559375 0.452928125 0.946678125 0.47015 0.95673125 0.4822046875 0.961975 0.4822046875 0.9733390625 0.49253749999999996 0.9803328125 0.49253749999999996 0.989946875 0.51090625 1 0.51148125 1 0.485075
1 0.8260484375000001 0.3036734375 0.827359375 0.3111359375 0.8439687499999999 0.3111359375 0.8483390625 0.30654375 0.8588281249999999 0.30654375 0.8632 0.29850781249999997 0.8710671874999999 0.29850781249999997 0.9152093750000001 0.31056249999999996 0.9230765625 0.3059703125 0.922203125 0.2795640625 0.9077796875 0.282434375 0.8911718750000001 0.274396875 0.8430937500000001 0.27669375 0.8378500000000001 0.2847296875 0.83129375 0.28645312500000003 0.8260484375000001 0.3036734375
1 0.6700171874999999 0.54535 0.65690625 0.5442015625 0.6551578124999999 0.536165625 0.6416078125 0.532146875 0.6394234375 0.5200921875 0.615821875 0.524684375 0.6075171874999999 0.5309984375 0.6245625 0.5350171875 0.6280593750000001 0.54879375 0.63155625 0.54535 0.637675 0.54879375 0.6446671875 0.5430546875 0.6477265625 0.5482203125 0.6385484375 0.5522390625 0.66215 0.5533875 0.6713281249999999 0.566590625 0.6743875 0.5832375 0.6866265625 0.5832375 0.7036718750000001 0.5941453125 0.7141609375 0.57921875 0.7132859375 0.5574046874999999 0.7049828125000001 0.554534375 0.702796875 0.543628125 0.6979890625 0.5430546875 0.696240625 0.536165625 0.6743875 0.536165625 0.6700171874999999 0.54535
1 0.790209375 0.0086109375 0.7854015624999999 0.002296875 0.7766609375 0.005740625 0.76923125 0.016646875 0.7701046875 0.0384609375 0.7644234375 0.05396093749999999 0.7268359375 0.0803671875 0.7006125 0.08725625000000001 0.6905593750000001 0.0981625 0.690996875 0.104478125 0.702359375 0.105625 0.7329546875 0.0987375 0.7382 0.0895515625 0.7539328125 0.084959375 0.765734375 0.0901265625 0.7701046875 0.1107921875 0.7705421875 0.1033296875 0.7888984375 0.0987375 0.8002625 0.07921875 0.809440625 0.07749687499999999 0.79326875 0.06773749999999999 0.784965625 0.0522390625 0.790209375 0.028128124999999997 0.790209375 0.0086109375
1 0.18050625 0.7416765625 0.1730765625 0.7376578125 0.177884375 0.7210109375 0.163025 0.7210109375 0.1608390625 0.7319171875 0.17045468749999998 0.7399546875 0.1735140625 0.752009375 0.17701093750000002 0.752009375 0.18050625 0.743971875 0.184440625 0.7445468749999999 0.18094375000000001 0.7525828125 0.1853140625 0.7571749999999999 0.1896859375 0.7778421875 0.1879375 0.7985078125 0.20585625 0.7979328125 0.21066406249999997 0.80654375 0.21153906249999999 0.8214703125 0.2176578125 0.8249140625000001 0.21678281250000003 0.8398390625 0.23339218750000001 0.8421359374999999 0.2386359375 0.8398390625 0.23339218750000001 0.82950625 0.240384375 0.8214703125 0.240384375 0.8042484375000001 0.2325171875 0.7985078125 0.2325171875 0.7399546875 0.1866265625 0.73823125 0.18050625 0.7416765625
1 0.09965 0.762915625 0.0917828125 0.7606203125000001 0.090909375 0.7215843750000001 0.08610156249999999 0.7267515625 0.084353125 0.7210109375 0.0747375 0.7164171875 0.059440625000000004 0.71584375 0.06905625 0.7123999999999999 0.0668703125 0.702640625 0.0616265625 0.70838125 0.0603140625 0.7020671875 0.06337343749999999 0.6923078125 0.06818125 0.698621875 0.0668703125 0.68541875 0.056818749999999994 0.691734375 0.059440625000000004 0.713546875 0.053759375 0.717565625 0.0454546875 0.7146953125 0.053321875 0.7112515625 0.0515734375 0.6963265625 0.0546328125 0.6900109375000001 0.047640625 0.6900109375000001 0.0458921875 0.6980484375 0.039773437499999995 0.6991968749999999 0.0240390625 0.6980484375 0.0118 0.6877156249999999 0 0.687140625 0.00043750000000000006 0.7198625 0.0135484375 0.7210109375 0.015296874999999998 0.7278984375 0.0266609375 0.7278984375 0.034528125 0.73823125 0.0450171875 0.7393796874999999 0.047640625 0.748565625 0.053321875 0.747990625 0.0520109375 0.7416765625 0.059003125000000003 0.7416765625 0.055070312499999996 0.7525828125 0.06293750000000001 0.767509375 0.0769234375 0.782434375 0.077796875 0.7962109374999999 0.0917828125 0.8031 0.0917828125 0.8191734374999999 0.11014062499999999 0.8214703125 0.121940625 0.8208953125 0.122378125 0.8076921875 0.10839218749999999 0.79965625 0.10620624999999999 0.7795640625 0.09353125 0.7789890625 0.09353125 0.7663609375 0.09833906249999999 0.7669343750000001 0.09965 0.762915625
1 1 0.8318031250000001 0.99431875 0.8231921874999999 0.9868874999999999 0.8214703125 0.984703125 0.8025265625 0.9645984375 0.7967859374999999 0.9554203125 0.8042484375000001 0.9545453125 0.8696906249999999 0.952359375 0.8737078125 0.940559375 0.8754312499999999 0.9532343750000001 0.8771531250000001 0.9545453125 0.8811703124999999 0.9388109375000001 0.8857640625000001 0.940559375 0.9225031250000001 0.9532343750000001 0.9242250000000001 0.9554203125 0.9351328125 0.9532343750000001 0.9460390625 0.940559375 0.9466125 0.940559375 0.963834375 0.9549828125 0.97015 0.9645984375 0.9862234375 0.9702796875 0.98909375 0.9720281249999999 0.9994265625000001 0.975525 0.9994265625000001 0.9855765625 0.9919625 0.99431875 0.9954078125000001 0.9991265625000001 0.98909375 1 0.9787593749999999 0.9956296874999999 0.9626859375000001 0.9982515624999999 0.9592421874999999 1 0.925946875 0.987325 0.926521875 0.9868874999999999 0.933984375 0.9820796875 0.9368546875 0.9759609375 0.9276687499999999 0.9702796875 0.925946875 0.9663468749999999 0.9058546875 0.9545453125 0.9041328125 0.9545453125 0.8949484375000001 0.9576046874999999 0.8840406249999999 0.9698421875 0.8863375 0.9864515624999999 0.880596875 1 0.884615625 1 0.8318031250000001
1 0.8592656249999999 0.5711828125 0.8592656249999999 0.555109375 0.8439687499999999 0.5442015625 0.8159968750000001 0.5522390625 0.8116265625000001 0.5579796875 0.7993875 0.55683125 0.797203125 0.566590625 0.7840906249999999 0.5769234375 0.784528125 0.5832375 0.76879375 0.585534375 0.7578671875 0.6090703125 0.753496875 0.6067734375 0.746503125 0.634328125 0.7521859375 0.6486796874999999 0.7644234375 0.65556875 0.78190625 0.6578640625000001 0.8011359375 0.6877156249999999 0.8072546875000001 0.6900109375000001 0.81949375 0.7095296875 0.827796875 0.713546875 0.8295453125 0.69288125 0.8208046875000001 0.6584390625000001 0.8146859375 0.6504015625 0.8111890624999999 0.6239953125000001 0.815559375 0.607921875 0.83173125 0.5832375 0.8430937500000001 0.5832375 0.8592656249999999 0.5711828125
1 0.5415203125 0.60964375 0.5463281249999999 0.611365625 0.5450171874999999 0.603903125 0.5393359375 0.6033296874999999 0.540646875 0.5981625 0.546765625 0.5981625 0.5485140625 0.6027546874999999 0.553759375 0.5993109375000001 0.55638125 0.603903125 0.5764859375 0.603903125 0.5799828125000001 0.615384375 0.6009609375 0.61768125 0.603584375 0.62456875 0.6079546875 0.62456875 0.615821875 0.61768125 0.6612765625 0.6165328125 0.6634609375 0.596440625 0.6551578124999999 0.58668125 0.64379375 0.585534375 0.639859375 0.5734781250000001 0.635053125 0.574053125 0.6267484375000001 0.5619984375 0.6271859375 0.5533875 0.6044578125 0.554534375 0.600525 0.5516640625 0.6000875 0.5327203125 0.58173125 0.53386875 0.577796875 0.5378875 0.5764859375 0.5522390625 0.5493875 0.55683125 0.5463281249999999 0.5711828125 0.5332171875 0.578071875 0.534965625 0.592996875 0.5301578124999999 0.600459375 0.5179203125 0.5981625 0.5144234375 0.615384375 0.4991265625 0.619403125 0.5008734375 0.6297359375 0.4978140625 0.63605 0.4707171875 0.63605 0.466346875 0.6486796874999999 0.45061249999999997 0.65556875 0.43225468749999996 0.6544203125 0.4252625 0.64753125 0.3924828125 0.649253125 0.3916078125 0.6653265625 0.3872375 0.6756609375 0.38942343749999997 0.681975 0.4414328125 0.6848453125 0.45323437499999997 0.6785296875 0.48382812499999994 0.676234375 0.4978140625 0.6659015625 0.5030593750000001 0.65556875 0.514859375 0.649253125 0.5161718750000001 0.638346875 0.5292828125 0.63605 0.5415203125 0.60964375
1 0 0.161309375 0.016171875 0.16647499999999998 0.05550625 0.1561421875 0.065996875 0.1641796875 0.0834796875 0.1641796875 0.09833906249999999 0.1561421875 0.11844375 0.136625 0.14466718750000002 0.12629218749999999 0.1507859375 0.12629218749999999 0.16215 0.136625 0.16914374999999998 0.134328125 0.17701093750000002 0.122846875 0.21547187499999998 0.1239953125 0.2521859375 0.1136625 0.272290625 0.12055156250000001 0.2923953125 0.11825468750000001 0.3177453125 0.1297359375 0.3426578125 0.1544203125 0.3513984375 0.179678125 0.3487765625 0.1980484375 0.3575171875 0.20723281249999997 0.366259375 0.2278984375 0.365384375 0.2393796875 0.3732515625 0.2508609375 0.3758734375 0.27382343750000004 0.3889859375 0.2830078125 0.3929203125 0.305396875 0.40646875 0.30941406250000003 0.4077796875 0.32606250000000003 0.42045468750000003 0.3300796875 0.42045468750000003 0.34959843749999997 0.4134609375 0.350746875 0.41914375000000004 0.361653125 0.408653125 0.3628015625 0.4051578125 0.3685421875 0.3614515625 0.37083750000000004 0.3583921875 0.3300796875 0.3509609375 0.32950625 0.3513984375 0.3346734375 0.34527968750000004 0.339265625 0.3426578125 0.3679671875 0.32823437499999997 0.37083750000000004 0.328671875 0.3760046875 0.341346875 0.37887499999999996 0.34571718749999997 0.38920781249999997 0.365821875 0.39035625 0.3885484375 0.407578125 0.41914375000000004 0.408725 0.42438750000000003 0.399540625 0.43575156249999997 0.3983921875 0.43924843750000003 0.407578125 0.45017500000000005 0.41274375 0.45585624999999996 0.42939218749999997 0.47552500000000003 0.4311140625 0.48251718749999994 0.42766875000000004 0.48688750000000003 0.4001140625 0.515734375 0.3679671875 0.5166078125 0.350746875 0.5270984375000001 0.34385781249999997 0.5323421875000001 0.312859375 0.522290625 0.29850781249999997 0.48951093749999997 0.272675 0.48076875 0.2336390625 0.46896875 0.22388124999999998 0.4624125 0.20723281249999997 0.45629375000000005 0.20149218750000003 0.46285 0.18599375 0.4707171875 0.1905859375 0.478146875 0.1865671875 0.4554203125 0.1601609375 0.45192343749999997 0.14638281250000001 0.4396859375 0.1291625 0.434003125 0.1010328125 0.3999125 0.1033296875 0.378059375 0.0884046875 0.362325 0.0895515625 0.341346875 0.06888593750000001 0.283653125 0.07577500000000001 0.2635484375 0.0918484375 0.2355765625 0.0941453125 0.21372343749999997 0.10907031250000002 0.1875 0.11021875 0.184878125 0.1033296875 0.17963281250000002 0.1033296875 0.1700171875 0.11021875 0.15690625 0.1136625 0.14029687500000002 0.111365625 0.1210671875 0.12055156250000001 0.0791078125 0.12055156250000001 0.06337343749999999 0.1297359375 0.029282812499999998 0.13777343749999998 0 0.126865625 0 0.161309375