1 0.2679203125 0.0803671875 0.234703125 0.055109375 0.22639843750000002 0.0384609375 0.22814687500000003 0.025832812500000003 0.22465000000000002 0.009759375 0.21896875 0.005740625 0.21153906249999999 0.0086109375 0.21066406249999997 0.0292765625 0.215909375 0.04190625 0.215909375 0.0556828125 0.2076046875 0.06888593750000001 0.200175 0.0729046875 0.200175 0.07749687499999999 0.21197499999999997 0.0918484375 0.22683593750000003 0.0941453125 0.234703125 0.0861078125 0.25568124999999997 0.0826640625 0.27840937499999996 0.092996875 0.27928281250000003 0.0987375 0.29807656250000003 0.10275468750000001 0.3076921875 0.0993109375 0.3011359375 0.0895515625 0.2679203125 0.0803671875
1 0.2460671875 0.6509765625 0.253496875 0.6285875 0.25 0.62514375 0.246940625 0.5970156249999999 0.234703125 0.5958671875 0.23120625 0.585534375 0.21372343749999997 0.5832375 0.21416093749999998 0.578071875 0.20410781249999999 0.57175625 0.1988640625 0.5602750000000001 0.15603125 0.54535 0.1416078125 0.5562578125 0.1424828125 0.5688859374999999 0.15603125 0.5820890624999999 0.16826875 0.5832375 0.172640625 0.5935703125 0.1791953125 0.5975890625 0.1896859375 0.6262921875 0.1861890625 0.64810625 0.1800703125 0.6584390625000001 0.17220312499999998 0.687140625 0.17220312499999998 0.7123999999999999 0.18138125 0.7095296875 0.21809375000000003 0.6578640625000001 0.2460671875 0.6509765625
1 0.03103125 1 0.0428328125 0.9845 0.046765625 0.9724453125 0.0603140625 0.9684265625 0.0620625 0.90528125 0.077359375 0.8874859374999999 0.090909375 0.8834671875 0.0926578125 0.8662453125 0.10576875 0.858209375 0.1105765625 0.8427093749999999 0.122378125 0.8398390625 0.1236890625 0.8231921874999999 0.10970312499999998 0.827784375 0.1070796875 0.8404140625000001 0.077359375 0.84500625 0.07386406250000001 0.8507468749999999 0.052884375 0.8507468749999999 0.0454546875 0.8432828125 0.04326875 0.8002296875000001 0.0179203125 0.8002296875000001 0.0131125 0.8042484375000001 0.0122375 0.8191734374999999 0.0048078125 0.82204375 0 0.8306546875 0 0.9994265625000001 0.020104687500000003 1 0.03103125 1
1 0.6110140625 0.6768078125 0.6070796875 0.6509765625 0.578234375 0.6463828125 0.5520109375 0.6544203125 0.534528125 0.6463828125 0.5292828125 0.63605 0.50655625 0.6337546875 0.4995625 0.6165328125 0.485140625 0.6136625 0.4820796875 0.5970156249999999 0.46853125 0.592996875 0.4667828125 0.57921875 0.45367187500000006 0.570034375 0.4497375 0.5556828125 0.42351406249999995 0.5522390625 0.42220312499999996 0.5367390624999999 0.41826875 0.5327203125 0.40078593749999997 0.5315734375 0.396853125 0.5447765625 0.390296875 0.5522390625 0.36844375 0.55683125 0.35620625 0.577496875 0.3448421875 0.5843859375 0.3365390625 0.5987375 0.340471875 0.6130890625000001 0.346153125 0.6136625 0.34353125 0.6090703125 0.34921406250000003 0.6016078125 0.35664375000000004 0.6067734375 0.358828125 0.6165328125 0.384178125 0.61768125 0.391171875 0.6257171875 0.3999125 0.61768125 0.427884375 0.615384375 0.434878125 0.6050515625 0.4366265625 0.615384375 0.459353125 0.61768125 0.4667828125 0.6262921875 0.4698421875 0.638346875 0.48120624999999995 0.6440875 0.4864515625 0.653271875 0.4960671875 0.65556875 0.5021859375 0.6670499999999999 0.5170453125 0.6773828125 0.5458921875 0.6785296875 0.5585671875 0.68599375 0.609703125 0.6842703125 0.61800625 0.680253125 0.6110140625 0.6768078125
1 1 0.683696875 0.9637234375 0.6888640625 0.9252625 0.6773828125 0.9208921875 0.6670499999999999 0.9007859375 0.6578640625000001 0.8972906249999999 0.6486796874999999 0.89379375 0.6509765625 0.890296875 0.634903125 0.8763109375000001 0.63605 0.8579546875 0.653271875 0.8011359375 0.6636046875 0.7827796874999999 0.6578640625000001 0.7766609375 0.6394953125 0.7521859375 0.638346875 0.75 0.6641796875 0.7578671875 0.6745125 0.7491265625 0.67795625 0.7456296874999999 0.6940296874999999 0.7635484375 0.717565625 0.774475 0.71584375 0.7749125 0.70034375 0.7954546875 0.7020671875 0.788025 0.7301953125 0.7836531250000001 0.73134375 0.7810312500000001 0.73823125 0.7618 0.7416765625 0.7517484375000001 0.7571749999999999 0.7635484375 0.76119375 0.7666078125 0.7698046875 0.7666078125 0.79965625 0.758740625 0.8042484375000001 0.75611875 0.8444312500000001 0.759615625 0.8547640624999999 0.7639859375 0.8570609375 0.7893359375 0.8409875 0.791084375 0.8019515625 0.7950171874999999 0.7979328125 0.8116265625000001 0.8002296875000001 0.8159968750000001 0.786453125 0.8269234375 0.7801375 0.8269234375 0.7732484375 0.81818125 0.762915625 0.8444062499999999 0.736509375 0.8461531250000001 0.7215843750000001 0.862325 0.7037890625000001 0.878059375 0.6991968749999999 0.9069062499999999 0.6991968749999999 0.9090906249999999 0.7112515625 0.916084375 0.71584375 0.9082171875 0.7215843750000001 0.9064687499999999 0.759471875 0.8977265624999999 0.762915625 0.8889859375 0.7835828125 0.889859375 0.7985078125 0.8798078125 0.8013781249999999 0.8767484375000001 0.808840625 0.878059375 0.82204375 0.8911718750000001 0.8231921874999999 0.8972906249999999 0.8300796874999999 0.9025343749999999 0.8243390625 0.9020984375 0.82950625 0.9051578125 0.8300796874999999 0.9090906249999999 0.8042484375000001 0.913025 0.8094140624999999 0.922203125 0.797359375 0.9239515624999999 0.782434375 0.9370625 0.7698046875 0.9479890624999999 0.7497125 0.952359375 0.7497125 0.95673125 0.740528125 0.9680937500000001 0.73823125 0.9724656250000001 0.7301953125 0.9838281249999999 0.73134375 1 0.7204359375 1 0.683696875
1 0.5603140625 0.4047078125 0.5620625 0.39552187499999997 0.5546328125 0.37083750000000004 0.5323421875000001 0.36682031249999997 0.5323421875000001 0.34959843749999997 0.5760484375 0.346153125 0.5769234375 0.30941406250000003 0.572115625 0.312284375 0.55638125 0.30654375 0.547203125 0.2944890625 0.5480765625 0.2772671875 0.552884375 0.2755453125 0.55638125 0.267509375 0.6228140625 0.2663609375 0.625 0.252009375 0.6228140625 0.244546875 0.61800625 0.24282499999999999 0.61888125 0.2359359375 0.6228140625 0.2376578125 0.6241265625 0.225603125 0.6389859375 0.21412187500000002 0.6424828125000001 0.164753125 0.646415625 0.16647499999999998 0.6538468749999999 0.1601609375 0.6564687499999999 0.1429390625 0.6700171874999999 0.1412171875 0.6735140625 0.1216984375 0.6857515624999999 0.1239953125 0.7014859375 0.11825468750000001 0.7049828125000001 0.10218125 0.7137234375 0.1010328125 0.7141609375 0.11308906249999999 0.7250875 0.11940312500000001 0.7360140625 0.11423593750000001 0.7360140625 0.10160781249999999 0.739946875 0.0987375 0.7215906249999999 0.0826640625 0.7014859375 0.08151562500000001 0.6993 0.0843859375 0.702796875 0.092421875 0.6979890625 0.1033296875 0.69361875 0.096440625 0.6534093750000001 0.10218125 0.6512234375 0.1188296875 0.65559375 0.12342187499999999 0.65559375 0.13605 0.6507859375 0.1412171875 0.6455421875 0.1331796875 0.635053125 0.1331796875 0.6271859375 0.1274390625 0.6236890625 0.11940312500000001 0.603584375 0.11710625 0.600525 0.11423593750000001 0.6018359375 0.10792187499999999 0.5957171875 0.11021875 0.577359375 0.10218125 0.5699296875 0.10390312500000001 0.5603140625 0.13260624999999998 0.5480765625 0.149828125 0.5454546875 0.161309375 0.53059375 0.179678125 0.5310312500000001 0.183696875 0.5397734375 0.1848453125 0.5445796875 0.19460312500000002 0.5367140625 0.22215781250000002 0.51923125 0.2347875 0.514859375 0.263490625 0.5056812500000001 0.2789890625 0.47683593750000003 0.29965625 0.4676578125 0.312859375 0.471153125 0.34385781249999997 0.48339218749999996 0.350746875 0.48339218749999996 0.36682031249999997 0.514859375 0.40126249999999997 0.51835625 0.42766875000000004 0.5236015625 0.429965625 0.538025 0.42824375000000003 0.5493875 0.411021875 0.5603140625 0.4047078125
1 0 0.51148125 0.010053125 0.51090625 0.0196671875 0.49253749999999996 0.0266609375 0.49253749999999996 0.038024999999999996 0.4822046875 0.04326875 0.4822046875 0.053321875 0.47015 0.059440625000000004 0.452928125 0.0668703125 0.4500578125 0.07080468749999999 0.43915 0.08129375 0.42766875000000004 0.0865390625 0.41274375 0.07954531249999999 0.407003125 0.078234375 0.40068906249999997 0.0703671875 0.407578125 0.0546328125 0.411021875 0.046328125 0.42078125 0.0428328125 0.452928125 0.0170453125 0.49253749999999996 0 0.485075 0 0.51148125
1 0.141171875 0.30654375 0.1516609375 0.30654375 0.15603125 0.3111359375 0.172640625 0.3111359375 0.1739515625 0.3036734375 0.16870625 0.28645312500000003 0.16215 0.2847296875 0.15690625 0.27669375 0.10882812500000001 0.274396875 0.0922203125 0.282434375 0.077796875 0.2795640625 0.0769234375 0.3059703125 0.084790625 0.31056249999999996 0.1289328125 0.29850781249999997 0.1368 0.29850781249999997 0.141171875 0.30654375
1 0.328671875 0.566590625 0.33785 0.5533875 0.3614515625 0.5522390625 0.3522734375 0.5482203125 0.35533281250000004 0.5430546875 0.362325 0.54879375 0.36844375 0.54535 0.371940625 0.54879375 0.3754375 0.5350171875 0.3924828125 0.5309984375 0.384178125 0.524684375 0.36057656250000003 0.5200921875 0.3583921875 0.532146875 0.3448421875 0.536165625 0.34309375000000003 0.5442015625 0.3299828125 0.54535 0.32561249999999997 0.536165625 0.303759375 0.536165625 0.3020109375 0.5430546875 0.297203125 0.543628125 0.2950171875 0.554534375 0.28671406250000003 0.5574046874999999 0.2858390625 0.57921875 0.296328125 0.5941453125 0.3133734375 0.5832375 0.32561249999999997 0.5832375 0.328671875 0.566590625
1 0.2618 0.0895515625 0.26704531249999997 0.0987375 0.297640625 0.105625 0.309003125 0.104478125 0.309440625 0.0981625 0.29938750000000003 0.08725625000000001 0.27316406249999997 0.0803671875 0.2355765625 0.05396093749999999 0.2298953125 0.0384609375 0.23076875000000002 0.016646875 0.22333906250000002 0.005740625 0.2145984375 0.002296875 0.20979062499999998 0.0086109375 0.20979062499999998 0.028128124999999997 0.21503437500000003 0.0522390625 0.20673124999999998 0.06773749999999999 0.190559375 0.07749687499999999 0.19973749999999998 0.07921875 0.21110156249999998 0.0987375 0.22945781250000002 0.1033296875 0.2298953125 0.1107921875 0.234265625 0.0901265625 0.2460671875 0.084959375 0.2618 0.0895515625
1 0.7884609375 0.8214703125 0.7893359375 0.80654375 0.79414375 0.7979328125 0.8120625 0.7985078125 0.8103140625 0.7778421875 0.8146859375 0.7571749999999999 0.81905625 0.7525828125 0.815559375 0.7445468749999999 0.81949375 0.743971875 0.8229890624999999 0.752009375 0.8264859375 0.752009375 0.8295453125 0.7399546875 0.8391609375 0.7319171875 0.836975 0.7210109375 0.822115625 0.7210109375 0.8269234375 0.7376578125 0.81949375 0.7416765625 0.8133734374999999 0.73823125 0.7674828125000001 0.7399546875 0.7674828125000001 0.7985078125 0.759615625 0.8042484375000001 0.759615625 0.8214703125 0.7666078125 0.82950625 0.7613640625 0.8398390625 0.7666078125 0.8421359374999999 0.7832171875 0.8398390625 0.7823421875000001 0.8249140625000001 0.7884609375 0.8214703125
1 0.922203125 0.7962109374999999 0.9230765625 0.782434375 0.9370625 0.767509375 0.9449296875 0.7525828125 0.9409968750000001 0.7416765625 0.9479890624999999 0.7416765625 0.946678125 0.747990625 0.952359375 0.748565625 0.9549828125 0.7393796874999999 0.9654718750000001 0.73823125 0.9733390625 0.7278984375 0.984703125 0.7278984375 0.9864515624999999 0.7210109375 0.9995625 0.7198625 1 0.687140625 0.9882 0.6877156249999999 0.9759609375 0.6980484375 0.9602265624999999 0.6991968749999999 0.9541078125 0.6980484375 0.952359375 0.6900109375000001 0.9453671874999999 0.6900109375000001 0.9484265625000001 0.6963265625 0.946678125 0.7112515625 0.9545453125 0.7146953125 0.9462406250000001 0.717565625 0.940559375 0.713546875 0.94318125 0.691734375 0.9331296874999999 0.68541875 0.93181875 0.698621875 0.9366265625000001 0.6923078125 0.9396859375 0.7020671875 0.9383734374999999 0.70838125 0.9331296874999999 0.702640625 0.93094375 0.7123999999999999 0.940559375 0.71584375 0.9252625 0.7164171875 0.915646875 0.7210109375 0.9138984375 0.7267515625 0.9090906249999999 0.7215843750000001 0.9082171875 0.7606203125000001 0.9003500000000001 0.762915625 0.9016609375 0.7669343750000001 0.9064687499999999 0.7663609375 0.9064687499999999 0.7789890625 0.89379375 0.7795640625 0.8916078125 0.79965625 0.877621875 0.8076921875 0.878059375 0.8208953125 0.889859375 0.8214703125 0.9082171875 0.8191734374999999 0.9082171875 0.8031 0.922203125 0.7962109374999999
1 0 0.884615625 0.0135484375 0.880596875 0.0301578125 0.8863375 0.0423953125 0.8840406249999999 0.0454546875 0.8949484375000001 0.0454546875 0.9041328125 0.033653125 0.9058546875 0.029720312500000002 0.925946875 0.0240390625 0.9276687499999999 0.0179203125 0.9368546875 0.0131125 0.933984375 0.012675 0.926521875 0 0.925946875 0.0017484375 0.9592421874999999 0.0043703125 0.9626859375000001 0 0.9787593749999999 0.0008734375000000001 0.98909375 0.0056812500000000005 0.9954078125000001 0.0144234375 0.9919625 0.024475 0.9994265625000001 0.027971875 0.9994265625000001 0.029720312500000002 0.98909375 0.0354015625 0.9862234375 0.0450171875 0.97015 0.059440625000000004 0.963834375 0.059440625000000004 0.9466125 0.046765625 0.9460390625 0.0445796875 0.9351328125 0.046765625 0.9242250000000001 0.059440625000000004 0.9225031250000001 0.0611890625 0.8857640625000001 0.0454546875 0.8811703124999999 0.046765625 0.8771531250000001 0.059440625000000004 0.8754312499999999 0.047640625 0.8737078125 0.0454546875 0.8696906249999999 0.0445796875 0.8042484375000001 0.0354015625 0.7967859374999999 0.015296874999999998 0.8025265625 0.0131125 0.8214703125 0.0056812500000000005 0.8231921874999999 0 0.8318031250000001 0 0.884615625
1 0.1988640625 0.6877156249999999 0.21809375000000003 0.6578640625000001 0.2355765625 0.65556875 0.2478140625 0.6486796874999999 0.253496875 0.634328125 0.246503125 0.6067734375 0.24213281250000002 0.6090703125 0.23120625 0.585534375 0.21547187499999998 0.5832375 0.215909375 0.5769234375 0.202796875 0.566590625 0.2006125 0.55683125 0.1883734375 0.5579796875 0.184003125 0.5522390625 0.15603125 0.5442015625 0.140734375 0.555109375 0.140734375 0.5711828125 0.15690625 0.5832375 0.16826875 0.5832375 0.184440625 0.607921875 0.1888109375 0.6239953125000001 0.1853140625 0.6504015625 0.1791953125 0.6584390625000001 0.17045468749999998 0.69288125 0.17220312499999998 0.713546875 0.18050625 0.7095296875 0.1927453125 0.6900109375000001 0.1988640625 0.6877156249999999
1 0.6083921875 0.6653265625 0.6075171874999999 0.649253125 0.5747375 0.64753125 0.5677453125 0.6544203125 0.5493875 0.65556875 0.5336531250000001 0.6486796874999999 0.5292828125 0.63605 0.5021859375 0.63605 0.4991265625 0.6297359375 0.5008734375 0.619403125 0.48557656250000003 0.615384375 0.4820796875 0.5981625 0.4698421875 0.600459375 0.465034375 0.592996875 0.4667828125 0.578071875 0.45367187500000006 0.5711828125 0.45061249999999997 0.55683125 0.42351406249999995 0.5522390625 0.42220312499999996 0.5378875 0.41826875 0.53386875 0.3999125 0.5327203125 0.39947499999999997 0.5516640625 0.3955421875 0.554534375 0.3728140625 0.5533875 0.3732515625 0.5619984375 0.364946875 0.574053125 0.360140625 0.5734781250000001 0.35620625 0.585534375 0.3448421875 0.58668125 0.3365390625 0.596440625 0.3387234375 0.6165328125 0.384178125 0.61768125 0.39204531249999997 0.62456875 0.396415625 0.62456875 0.3990390625 0.61768125 0.42001718749999994 0.615384375 0.42351406249999995 0.603903125 0.44361875 0.603903125 0.446240625 0.5993109375000001 0.45148593750000005 0.6027546874999999 0.45323437499999997 0.5981625 0.459353125 0.5981625 0.46066406249999997 0.6033296874999999 0.45498281250000006 0.603903125 0.45367187500000006 0.611365625 0.4584796875 0.60964375 0.4707171875 0.63605 0.48382812499999994 0.638346875 0.485140625 0.649253125 0.49694062499999997 0.65556875 0.5021859375 0.6659015625 0.5161718750000001 0.676234375 0.546765625 0.6785296875 0.5585671875 0.6848453125 0.6105765625 0.681975 0.6127625 0.6756609375 0.6083921875 0.6653265625
1 1 0.126865625 0.9707171875 0.13777343749999998 0.9366265625000001 0.1297359375 0.9208921875 0.12055156250000001 0.8789328125000001 0.12055156250000001 0.859703125 0.111365625 0.8430937500000001 0.1136625 0.8299828125 0.11021875 0.8203671874999999 0.1033296875 0.815121875 0.1033296875 0.8125 0.11021875 0.7862765625 0.10907031250000002 0.7644234375 0.0941453125 0.7364515625 0.0918484375 0.7163468749999999 0.07577500000000001 0.6586531250000001 0.06888593750000001 0.637675 0.0895515625 0.6219406249999999 0.0884046875 0.6000875 0.1033296875 0.565996875 0.1010328125 0.5603140625 0.1291625 0.5480765625 0.14638281250000001 0.5445796875 0.1601609375 0.521853125 0.1865671875 0.5292828125 0.1905859375 0.53715 0.18599375 0.54370625 0.20149218750000003 0.5375875 0.20723281249999997 0.5310312500000001 0.22388124999999998 0.51923125 0.2336390625 0.5104890625 0.272675 0.477709375 0.29850781249999997 0.4676578125 0.312859375 0.4729015625 0.34385781249999997 0.48339218749999996 0.350746875 0.48426562500000003 0.3679671875 0.5131125 0.4001140625 0.5174828125000001 0.42766875000000004 0.524475 0.4311140625 0.54414375 0.42939218749999997 0.549825 0.41274375 0.5607515624999999 0.407578125 0.5642484375000001 0.3983921875 0.5756125 0.399540625 0.58085625 0.408725 0.6114515625 0.407578125 0.634178125 0.39035625 0.6542828125 0.38920781249999997 0.6586531250000001 0.37887499999999996 0.6713281249999999 0.3760046875 0.671765625 0.37083750000000004 0.6573421875000001 0.3679671875 0.6547203125000001 0.339265625 0.6486015625 0.3346734375 0.6490390625 0.32950625 0.6416078125 0.3300796875 0.6385484375 0.37083750000000004 0.5948421875000001 0.3685421875 0.5913468749999999 0.3628015625 0.58085625 0.361653125 0.5865390625 0.350746875 0.5795453125 0.34959843749999997 0.5795453125 0.3300796875 0.5922203125000001 0.32606250000000003 0.5935312500000001 0.30941406250000003 0.6070796875 0.305396875 0.6110140625 0.2830078125 0.6241265625 0.27382343750000004 0.6267484375000001 0.2508609375 0.634615625 0.2393796875 0.633740625 0.2278984375 0.6424828125000001 0.20723281249999997 0.6512234375 0.1980484375 0.6486015625 0.179678125 0.6573421875000001 0.1544203125 0.6822546875 0.1297359375 0.7076046875 0.11825468750000001 0.727709375 0.12055156250000001 0.7478140625 0.1136625 0.784528125 0.1239953125 0.8229890624999999 0.122846875 0.8308562500000001 0.134328125 0.8378500000000001 0.136625 0.8492140625 0.12629218749999999 0.8553328125 0.12629218749999999 0.88155625 0.136625 0.9016609375 0.1561421875 0.9165203125 0.1641796875 0.9340031249999999 0.1641796875 0.94449375 0.1561421875 0.9838281249999999 0.16647499999999998 1 0.161309375 1 0.126865625