1 0.7063953125 0.43248125000000004 0.7093015625 0.4531625 0.7189921874999999 0.4628953125 0.7185078125000001 0.4732359375 0.725775 0.468978125 0.7199609375 0.44951406250000003 0.72480625 0.44343125 0.7228687500000001 0.43856406249999996 0.7277125 0.42639843749999995 0.725775 0.40693437499999996 0.7112406250000001 0.4093671875 0.7112406250000001 0.4251828125 0.7063953125 0.43248125000000004
1 0.5421515625 0.2080296875 0.547965625 0.215328125 0.562984375 0.217153125 0.56153125 0.2287109375 0.551840625 0.22506093749999997 0.5445734375 0.2305359375 0.5450578125 0.2372265625 0.5605625 0.24452500000000002 0.5644375 0.23479375 0.5707359375000001 0.23296875 0.5707359375000001 0.2062046875 0.5843015625 0.2025546875 0.5673453125 0.20072968750000003 0.547965625 0.2068125 0.5348843750000001 0.19647187500000002 0.5281 0.19647187500000002 0.5334296875 0.211678125 0.5421515625 0.2080296875
1 0.7034890625 0.5650859374999999 0.70155 0.5809 0.7112406250000001 0.5906328125 0.7073640625000001 0.5954984375000001 0.713178125 0.600365625 0.713178125 0.6076640624999999 0.7214140625 0.611921875 0.7209296875 0.5954984375000001 0.72674375 0.5906328125 0.714146875 0.5809 0.7219 0.5723843750000001 0.7219 0.5565687500000001 0.7277125 0.5407546875 0.7180234375000001 0.5358875000000001 0.713178125 0.5371046875000001 0.7160859375 0.551703125 0.7034890625 0.5650859374999999
1 0.8662796875 0.6648421875 0.863371875 0.675790625 0.8657953125000001 0.6849140625000001 0.8745156250000001 0.6836984375 0.885659375 0.659975 0.9079453125000001 0.63929375 0.9098843750000001 0.634428125 0.9060078125000001 0.6222624999999999 0.8948640625 0.6265203125000001 0.87790625 0.6429437499999999 0.8662796875 0.6648421875
1 0.7286828125 0.6940390625 0.7315890625 0.6989046875 0.72674375 0.7086375 0.7325578125 0.74635 0.7378875 0.7542578125 0.74903125 0.72566875 0.7432171875 0.69525625 0.75 0.655109375 0.7432171875 0.6526765625000001 0.7340109375 0.6532843749999999 0.7306203124999999 0.663625 0.7286828125 0.6940390625
1 0.585271875 0.2524328125 0.5847875 0.2408765625 0.5809109375 0.2591234375 0.5789734375 0.255475 0.560078125 0.2560828125 0.56540625 0.2749390625 0.5707359375000001 0.27311406250000003 0.573159375 0.26520625 0.5809109375 0.26277343750000004 0.5978687500000001 0.265815625 0.5910859375 0.29014531250000003 0.5959296875 0.2950125 0.5964140625 0.305353125 0.6099812499999999 0.3029203125 0.61191875 0.2956203125 0.6206390625 0.294403125 0.62596875 0.2852796875 0.62596875 0.27554687499999997 0.6162796875 0.27068125 0.614340625 0.2609484375 0.6172484375 0.2560828125 0.610465625 0.2512171875 0.611434375 0.24148437500000003 0.6080421874999999 0.23479375 0.6036828125 0.23661875000000002 0.600775 0.220803125 0.5930234375000001 0.2317515625 0.5944765624999999 0.2542578125 0.585271875 0.2524328125
1 0.76114375 0.9732359374999999 0.7688953125 0.9841843750000001 0.788275 0.9829687500000001 0.81346875 0.987834375 0.8250968750000001 0.9951343749999999 0.8372093749999999 0.9933093749999999 0.838178125 0.9787109375 0.8289734375 0.967153125 0.797965625 0.9635031250000001 0.78924375 0.9562046875 0.77325625 0.9543796875 0.747578125 0.9598546875 0.74903125 0.9714109375 0.76114375 0.9732359374999999
1 0.7054265625 0.9251828124999999 0.7146312499999999 0.9403890625000001 0.7262593749999999 0.9489046875 0.7417640624999999 0.946471875 0.75096875 0.9178828125 0.77325625 0.8923359375000001 0.7664734375 0.8813875 0.7059109375 0.8953765625000001 0.70058125 0.9057171875 0.7054265625 0.9251828124999999
1 0.8657953125000001 0.35888125 0.849321875 0.3734796875 0.8469 0.378953125 0.8565890625 0.399634375 0.8783921875 0.4148421875 0.8968015625 0.4148421875 0.8943796875000001 0.38747031249999997 0.9011625000000001 0.3728703125 0.9244187500000001 0.3473234375 0.923934375 0.3382 0.9156984375 0.336375 0.9064921874999999 0.3357671875 0.8948640625 0.34793124999999997 0.8657953125000001 0.35888125
1 0.4961234375 0.5407546875 0.5019375 0.5638687499999999 0.509690625 0.57725 0.5174421875 0.5809 0.5174421875 0.5954984375000001 0.5222875 0.600365625 0.524225 0.6441609374999999 0.5421515625 0.6678828125 0.5445734375 0.6648421875 0.5339140625 0.6186125 0.5314921874999999 0.6228703125 0.5281 0.6198296875 0.5329453125 0.6149640625 0.5290703125 0.610096875 0.5290703125 0.5954984375000001 0.5184109375 0.5809 0.5184109375 0.5736015625 0.5125968750000001 0.5711671875000001 0.510659375 0.5614359375 0.5164734375 0.47262812500000007 0.5062984375 0.4659375 0.4961234375 0.44951406250000003 0.487403125 0.41545 0.47383749999999997 0.4665453125 0.4835265625 0.52615625 0.4961234375 0.5407546875
1 0.39825625 0.737834375 0.39244218750000004 0.7426999999999999 0.387596875 0.7573000000000001 0.38856562499999997 0.7682484374999999 0.399225 0.7767640625000001 0.41182187499999995 0.8059609375000001 0.4195734375 0.844890625 0.4292640625 0.8631390624999999 0.44670468750000003 0.92275 0.4568796875 0.9367390625 0.46414687499999996 0.9239656249999999 0.46414687499999996 0.9093671875 0.4544578125 0.8716546875000001 0.4418609375 0.8473234375 0.4341078125 0.81204375 0.42441874999999996 0.7986625 0.4166671875 0.7402671875 0.41182187499999995 0.7390515625 0.4166671875 0.73661875 0.4166671875 0.7317515625000001 0.40891406249999995 0.7281015625 0.40891406249999995 0.720803125 0.40358593750000005 0.7250609375 0.399225 0.720803125 0.39825625 0.737834375
1 0.5455421874999999 0.6976890625000001 0.547965625 0.7080296875000001 0.5537796875 0.7080296875000001 0.5746125 0.72931875 0.5784890625 0.745134375 0.5833328125 0.7487828125 0.5804265625 0.75365 0.5920546875 0.7767640625000001 0.588178125 0.7828468749999999 0.5910859375 0.7974453125000001 0.588178125 0.8059609375000001 0.5930234375000001 0.81204375 0.588178125 0.8315078124999999 0.589146875 0.8923359375000001 0.5784890625 0.906934375 0.57655 0.9385640625 0.5707359375000001 0.961678125 0.5804265625 0.9884421874999999 0.5886625000000001 0.9902671875 0.5939921874999999 0.98479375 0.588178125 0.972628125 0.589146875 0.9628953125 0.59980625 0.9385640625 0.6065890625 0.8959859375000001 0.62403125 0.8436734375 0.62209375 0.8023109375 0.585271875 0.7475671875 0.5910859375 0.7281015625 0.5862406250000001 0.713503125 0.576065625 0.7031625 0.5605625 0.6995140625 0.5542640624999999 0.6903890625 0.55135625 0.6745734375 0.5465109375 0.670925 0.539728125 0.6733578125 0.5406984375 0.6940390625 0.5455421874999999 0.6976890625000001
1 0.9195734375000001 0.41301718750000005 0.9234500000000001 0.4166671875 0.92248125 0.4300484375 0.9302328125000001 0.4422140625 0.9408921875 0.482359375 0.9399218749999999 0.52250625 0.9350781250000001 0.531021875 0.9370156250000001 0.5456203125 0.9321703125 0.56021875 0.9253875 0.5638687499999999 0.9331390624999999 0.576034375 0.9331390624999999 0.58455 0.9273250000000001 0.5918484375 0.9360468750000001 0.600365625 0.9370156250000001 0.6125296875 0.9321703125 0.630778125 0.9234500000000001 0.638078125 0.910853125 0.6648421875 0.9098843750000001 0.700121875 0.90213125 0.7122875 0.90019375 0.7305359375 0.8943796875000001 0.7402671875 0.89825625 0.754865625 0.8914734375 0.8144765625 0.90019375 0.837590625 0.8948640625 0.8795624999999999 0.9064921874999999 0.8783453124999999 0.9176359375 0.85705625 0.9234500000000001 0.8096109374999999 0.9234500000000001 0.7232359374999999 0.9418609375000001 0.663625 0.9622093749999999 0.6173968750000001 0.961240625 0.60523125 0.9467046874999999 0.58455 0.9457359375 0.5748171875 0.95251875 0.555353125 0.9515499999999999 0.5212890625 0.9719 0.489659375 0.97674375 0.44829687500000004 0.9719 0.43978124999999996 0.9651156249999999 0.40450156249999997 0.9544578125 0.39841875 0.93846875 0.40145937500000006 0.93459375 0.408759375 0.9195734375000001 0.41301718750000005
1 0.3531984375 0.1277375 0.3449609375 0.1332109375 0.35755781249999996 0.1660578125 0.36870156249999997 0.1763984375 0.385175 0.1800484375 0.386628125 0.1867390625 0.37693750000000004 0.19160625 0.3716078125 0.2068125 0.36095 0.20559687499999998 0.359496875 0.21228750000000002 0.372578125 0.22506093749999997 0.3919578125 0.23479375 0.39825625 0.2512171875 0.414728125 0.265815625 0.4156984375 0.279196875 0.41182187499999995 0.29014531250000003 0.42345 0.320559375 0.4341078125 0.3351578125 0.4418609375 0.361921875 0.447190625 0.3686125 0.47432187499999995 0.380778125 0.47674374999999997 0.3728703125 0.46608593750000005 0.340025 0.45736406250000006 0.329075 0.45251875 0.31204375 0.435078125 0.2950125 0.4341078125 0.2852796875 0.43943750000000004 0.27615625 0.4840109375 0.27615625 0.486434375 0.26338125 0.472384375 0.251825 0.46802343750000003 0.24026718749999998 0.45736406250000006 0.2305359375 0.45155 0.21107031250000002 0.437984375 0.19160625 0.435078125 0.1697078125 0.4190890625 0.14841875 0.3938953125 0.1265203125 0.385659375 0.1040140625 0.37306249999999996 0.09428281250000001 0.363371875 0.09428281250000001 0.36143437500000003 0.113746875 0.3531984375 0.1277375