1 0.45532500000000004 0.865615625 0.4302328125 0.8618625 0.42594843750000005 0.865615625 0.427171875 0.8821328125000001 0.44614374999999995 0.884384375 0.44430781250000007 0.90015 0.450428125 0.8896390625 0.4479796875 0.8761265625 0.45532500000000004 0.865615625
1 0.716646875 0.671171875 0.7496937499999999 0.675675 0.7515296874999999 0.6704203125 0.7325578125 0.653153125 0.7105265625 0.659159375 0.70379375 0.6674171875 0.707465625 0.6884390625 0.7135859375 0.6884390625 0.7099140625 0.677928125 0.716646875 0.671171875
1 0.146878125 0.4872375 0.151775 0.47222187499999996 0.1340265625 0.45345312499999996 0.1230109375 0.45045 0.12239843749999998 0.47222187499999996 0.1297421875 0.48423437500000005 0.1358625 0.5127625 0.1529984375 0.5112609375 0.1529984375 0.49774843750000003 0.146878125 0.4872375
1 0.5605875 0.4857359375 0.559975 0.47147187500000004 0.5238671874999999 0.50675625 0.511628125 0.5367875 0.5153 0.547296875 0.5299875000000001 0.5397890624999999 0.548346875 0.50075 0.5605875 0.4857359375
1 0.063646875 0.8040546875000001 0.0587515625 0.8010515625 0.0605875 0.7882890625 0.0777234375 0.7882890625 0.086903125 0.775525 0.0765 0.76876875 0.0544671875 0.771771875 0.0471234375 0.759759375 0.03794375 0.7740234375 0.041615625 0.784534375 0.03794375 0.8070578125000001 0.0452875 0.8205703124999999 0.059975 0.8190687499999999 0.059975 0.8055562500000001 0.063646875 0.8040546875000001
1 0 0.6238734375 0.041003125 0.5945953125 0.061810937499999996 0.56906875 0.0740515625 0.566065625 0.0758875 0.559309375 0.064259375 0.5675671875 0.031212499999999997 0.5675671875 0 0.5983484375 0 0.6238734375
1 0.55324375 0.8445953125000001 0.5471234375 0.8385890625 0.5556921874999999 0.8355859375 0.5550796874999999 0.8258265625 0.5618109375 0.828078125 0.559975 0.821321875 0.55263125 0.824325 0.5477359374999999 0.8108109375 0.5367203125 0.8108109375 0.5336593749999999 0.816065625 0.5397796875 0.8190687499999999 0.5379437499999999 0.824325 0.5281515625 0.821321875 0.5177484375 0.834084375 0.5165234375 0.846096875 0.5226437500000001 0.847596875 0.5165234375 0.8490984375 0.5177484375 0.8626125 0.526315625 0.865615625 0.5165234375 0.8686187500000001 0.518971875 0.8761265625 0.544675 0.871621875 0.5458999999999999 0.8566062499999999 0.55324375 0.8445953125000001
1 0.200734375 0.915165625 0.200734375 0.8986484375 0.21970625 0.8768765625 0.2325578125 0.8701203124999999 0.2362296875 0.8611109375 0.23072187500000002 0.8483484375 0.2258265625 0.8603609375 0.170134375 0.9046546875000001 0.186046875 0.915165625 0.186046875 0.9497 0.20195781249999997 0.958709375 0.2135859375 0.959459375 0.21787031250000002 0.9451953124999999 0.200734375 0.915165625
1 0.6070984375 0.53078125 0.6015906249999999 0.51801875 0.5930234375000001 0.5165171875000001 0.5758875 0.5390390625 0.544675 0.559309375 0.53855625 0.5728234375000001 0.53855625 0.5923421875 0.5556921874999999 0.602853125 0.5667078125 0.59384375 0.586290625 0.553303125 0.6070984375 0.53078125
1 0.8745406250000001 0.6831828125 0.8990203125 0.6771765624999999 0.9369640625000001 0.678678125 0.9461437500000001 0.66891875 0.9296203125 0.659159375 0.8965734375000001 0.6576578125 0.8684203125 0.6696703125 0.8133421875 0.6696703125 0.79498125 0.7012015625 0.7827421875 0.7012015625 0.7778453125 0.6921921875 0.776621875 0.6997 0.7674421875 0.7019515625 0.768053125 0.7072078125 0.776621875 0.70570625 0.8139531249999999 0.73198125 0.8427171875000001 0.7297296875 0.860465625 0.6959453124999999 0.8745406250000001 0.6831828125
1 0.22766250000000002 0.49624687500000003 0.215421875 0.48123125 0.27294999999999997 0.4196703125 0.2662171875 0.41891875 0.26132187500000004 0.40690625 0.23929062499999998 0.39339375 0.207465625 0.384384375 0.16585 0.384384375 0.17870312500000002 0.40015 0.14443125 0.45270312500000004 0.156059375 0.4579578125 0.16156718750000001 0.4542046875 0.15973125 0.44744687499999997 0.1719703125 0.4414421875 0.17380625 0.4451953125 0.1676859375 0.4512015625 0.171359375 0.4767265625 0.18543437499999998 0.47897968750000003 0.1988984375 0.49099062499999996 0.212975 0.5232734375 0.23378281250000002 0.547296875 0.245409375 0.5450453125 0.24724531249999998 0.5397890624999999 0.22766250000000002 0.49624687500000003
1 0.37086874999999997 0.877628125 0.3733171875 0.822071875 0.363525 0.79955 0.367196875 0.75600625 0.35679375 0.74925 0.3396578125 0.75075 0.31884999999999997 0.7732734375 0.29681718749999997 0.7867875 0.27968125 0.7867875 0.27111406250000003 0.8003 0.261934375 0.8040546875000001 0.2662171875 0.8123125 0.2894734375 0.8183187500000001 0.3017140625 0.8333328124999999 0.24969375 0.847596875 0.283353125 0.84985 0.3335375 0.866365625 0.3610765625 0.8956453124999999 0.359853125 0.9361859375 0.367196875 0.9316812499999999 0.375765625 0.8926421875000001 0.37086874999999997 0.877628125