1 0.43248125000000004 0.2936046875 0.4531625 0.2906984375 0.4628953125 0.2810078125 0.4732359375 0.2814921875 0.468978125 0.274225 0.44951406250000003 0.2800390625 0.44343125 0.27519375 0.43856406249999996 0.27713125 0.42639843749999995 0.2722875 0.40693437499999996 0.274225 0.4093671875 0.28875937500000004 0.4251828125 0.28875937500000004 0.43248125000000004 0.2936046875
1 0.2080296875 0.45784843750000004 0.215328125 0.45203437500000004 0.217153125 0.437015625 0.2287109375 0.43846875 0.22506093749999997 0.448159375 0.2305359375 0.4554265625 0.2372265625 0.45494218750000004 0.24452500000000002 0.43943750000000004 0.23479375 0.43556249999999996 0.23296875 0.4292640625 0.2062046875 0.4292640625 0.2025546875 0.4156984375 0.20072968750000003 0.4326546875 0.2068125 0.45203437500000004 0.19647187500000002 0.465115625 0.19647187500000002 0.47190000000000004 0.211678125 0.46657031250000003 0.2080296875 0.45784843750000004
1 0.5650859374999999 0.2965109375 0.5809 0.29845 0.5906328125 0.28875937500000004 0.5954984375000001 0.2926359375 0.600365625 0.286821875 0.6076640624999999 0.286821875 0.611921875 0.2785859375 0.5954984375000001 0.2790703125 0.5906328125 0.27325625 0.5809 0.285853125 0.5723843750000001 0.2781 0.5565687500000001 0.2781 0.5407546875 0.2722875 0.5358875000000001 0.2819765625 0.5371046875000001 0.286821875 0.551703125 0.2839140625 0.5650859374999999 0.2965109375
1 0.6648421875 0.1337203125 0.675790625 0.136628125 0.6849140625000001 0.1342046875 0.6836984375 0.125484375 0.659975 0.114340625 0.63929375 0.0920546875 0.634428125 0.090115625 0.6222624999999999 0.0939921875 0.6265203125000001 0.10513593750000001 0.6429437499999999 0.12209375 0.6648421875 0.1337203125
1 0.6940390625 0.2713171875 0.6989046875 0.2684109375 0.7086375 0.27325625 0.74635 0.26744218750000004 0.7542578125 0.2621125 0.72566875 0.25096875 0.69525625 0.2567828125 0.655109375 0.25 0.6526765625000001 0.2567828125 0.6532843749999999 0.2659890625 0.663625 0.26937968749999996 0.6940390625 0.2713171875
1 0.2524328125 0.414728125 0.2408765625 0.4152125 0.2591234375 0.4190890625 0.255475 0.4210265625 0.2560828125 0.439921875 0.2749390625 0.43459375 0.27311406250000003 0.4292640625 0.26520625 0.426840625 0.26277343750000004 0.4190890625 0.265815625 0.40213124999999994 0.29014531250000003 0.40891406249999995 0.2950125 0.40407031250000003 0.305353125 0.40358593750000005 0.3029203125 0.39001874999999997 0.2956203125 0.38808125000000004 0.294403125 0.3793609375 0.2852796875 0.37403125 0.27554687499999997 0.37403125 0.27068125 0.3837203125 0.2609484375 0.385659375 0.2560828125 0.38275156250000003 0.2512171875 0.389534375 0.24148437500000003 0.38856562499999997 0.23479375 0.3919578125 0.23661875000000002 0.3963171875 0.220803125 0.399225 0.2317515625 0.40697656249999997 0.2542578125 0.40552343750000003 0.2524328125 0.414728125
1 0.9732359374999999 0.23885625 0.9841843750000001 0.23110468750000002 0.9829687500000001 0.211725 0.987834375 0.18653124999999998 0.9951343749999999 0.174903125 0.9933093749999999 0.16279062500000002 0.9787109375 0.161821875 0.967153125 0.17102656249999998 0.9635031250000001 0.202034375 0.9562046875 0.21075624999999998 0.9543796875 0.22674375000000002 0.9598546875 0.252421875 0.9714109375 0.25096875 0.9732359374999999 0.23885625
1 0.9251828124999999 0.2945734375 0.9403890625000001 0.28536875 0.9489046875 0.27374062499999996 0.946471875 0.25823593749999996 0.9178828125 0.24903124999999998 0.8923359375000001 0.22674375000000002 0.8813875 0.23352656249999998 0.8953765625000001 0.2940890625 0.9057171875 0.29941874999999996 0.9251828124999999 0.2945734375
1 0.35888125 0.1342046875 0.3734796875 0.150678125 0.378953125 0.15309999999999999 0.399634375 0.1434109375 0.4148421875 0.1216078125 0.4148421875 0.10319843749999999 0.38747031249999997 0.1056203125 0.3728703125 0.0988375 0.3473234375 0.07558125 0.3382 0.076065625 0.336375 0.08430156250000001 0.3357671875 0.0935078125 0.34793124999999997 0.10513593750000001 0.35888125 0.1342046875
1 0.5407546875 0.5038765625 0.5638687499999999 0.49806249999999996 0.57725 0.490309375 0.5809 0.48255781249999996 0.5954984375000001 0.48255781249999996 0.600365625 0.4777125 0.6441609374999999 0.47577499999999995 0.6678828125 0.45784843750000004 0.6648421875 0.4554265625 0.6186125 0.46608593750000005 0.6228703125 0.46850781250000006 0.6198296875 0.47190000000000004 0.6149640625 0.4670546875 0.610096875 0.47092968749999997 0.5954984375000001 0.47092968749999997 0.5809 0.4815890625 0.5736015625 0.4815890625 0.5711671875000001 0.487403125 0.5614359375 0.489340625 0.47262812500000007 0.4835265625 0.4659375 0.49370156249999997 0.44951406250000003 0.5038765625 0.41545 0.5125968750000001 0.4665453125 0.5261625000000001 0.52615625 0.5164734375 0.5407546875 0.5038765625
1 0.737834375 0.60174375 0.7426999999999999 0.6075578125 0.7573000000000001 0.6124031249999999 0.7682484374999999 0.611434375 0.7767640625000001 0.600775 0.8059609375000001 0.588178125 0.844890625 0.5804265625 0.8631390624999999 0.5707359375000001 0.92275 0.5532953125 0.9367390625 0.5431203124999999 0.9239656249999999 0.535853125 0.9093671875 0.535853125 0.8716546875000001 0.5455421874999999 0.8473234375 0.5581390625 0.81204375 0.5658921875 0.7986625 0.57558125 0.7402671875 0.5833328125 0.7390515625 0.588178125 0.73661875 0.5833328125 0.7317515625000001 0.5833328125 0.7281015625 0.5910859375 0.720803125 0.5910859375 0.7250609375 0.5964140625 0.720803125 0.600775 0.737834375 0.60174375
1 0.6976890625000001 0.4544578125 0.7080296875000001 0.45203437500000004 0.7080296875000001 0.44622031250000005 0.72931875 0.4253875 0.745134375 0.4215109375 0.7487828125 0.4166671875 0.75365 0.4195734375 0.7767640625000001 0.4079453125 0.7828468749999999 0.41182187499999995 0.7974453125000001 0.40891406249999995 0.8059609375000001 0.41182187499999995 0.81204375 0.40697656249999997 0.8315078124999999 0.41182187499999995 0.8923359375000001 0.41085312500000004 0.906934375 0.4215109375 0.9385640625 0.42345 0.961678125 0.4292640625 0.9884421874999999 0.4195734375 0.9902671875 0.41133749999999997 0.98479375 0.40600781250000006 0.972628125 0.41182187499999995 0.9628953125 0.41085312500000004 0.9385640625 0.40019375 0.8959859375000001 0.3934109375 0.8436734375 0.37596875 0.8023109375 0.37790625 0.7475671875 0.414728125 0.7281015625 0.40891406249999995 0.713503125 0.413759375 0.7031625 0.423934375 0.6995140625 0.43943750000000004 0.6903890625 0.4457359375 0.6745734375 0.44864375 0.670925 0.4534890625 0.6733578125 0.460271875 0.6940390625 0.4593015625 0.6976890625000001 0.4544578125
1 0.41301718750000005 0.08042656249999999 0.4166671875 0.07654999999999999 0.4300484375 0.07751875 0.4422140625 0.06976718750000001 0.482359375 0.0591078125 0.52250625 0.060078125 0.531021875 0.06492187499999999 0.5456203125 0.06298437500000001 0.56021875 0.0678296875 0.5638687499999999 0.0746125 0.576034375 0.0668609375 0.58455 0.0668609375 0.5918484375 0.072675 0.600365625 0.063953125 0.6125296875 0.06298437500000001 0.630778125 0.0678296875 0.638078125 0.07654999999999999 0.6648421875 0.089146875 0.700121875 0.090115625 0.7122875 0.09786875 0.7305359375 0.09980625 0.7402671875 0.1056203125 0.754865625 0.10174375 0.8144765625 0.10852656249999999 0.837590625 0.09980625 0.8795624999999999 0.10513593750000001 0.8783453124999999 0.0935078125 0.85705625 0.0823640625 0.8096109374999999 0.07654999999999999 0.7232359374999999 0.07654999999999999 0.663625 0.058139062500000005 0.6173968750000001 0.037790625 0.60523125 0.038759375 0.58455 0.053295312500000004 0.5748171875 0.0542640625 0.555353125 0.04748125 0.5212890625 0.04845 0.489659375 0.028100000000000003 0.44829687500000004 0.02325625 0.43978124999999996 0.028100000000000003 0.40450156249999997 0.034884375 0.39841875 0.0455421875 0.40145937500000006 0.06153125 0.408759375 0.06540625 0.41301718750000005 0.08042656249999999
1 0.1277375 0.6468015625 0.1332109375 0.6550390625 0.1660578125 0.6424421875 0.1763984375 0.6312984375 0.1800484375 0.614825 0.1867390625 0.613371875 0.19160625 0.6230625 0.2068125 0.6283921875 0.20559687499999998 0.63905 0.21228750000000002 0.6405031250000001 0.22506093749999997 0.627421875 0.23479375 0.6080421874999999 0.2512171875 0.60174375 0.265815625 0.585271875 0.279196875 0.5843015625 0.29014531250000003 0.588178125 0.320559375 0.57655 0.3351578125 0.5658921875 0.361921875 0.5581390625 0.3686125 0.552809375 0.380778125 0.525678125 0.3728703125 0.52325625 0.340025 0.5339140625 0.329075 0.5426359374999999 0.31204375 0.5474812499999999 0.2950125 0.564921875 0.2852796875 0.5658921875 0.27615625 0.5605625 0.27615625 0.5159890625 0.26338125 0.513565625 0.251825 0.5276156249999999 0.24026718749999998 0.5319765624999999 0.2305359375 0.5426359374999999 0.21107031250000002 0.54845 0.19160625 0.562015625 0.1697078125 0.564921875 0.14841875 0.5809109375 0.1265203125 0.6061046875 0.1040140625 0.614340625 0.09428281250000001 0.6269375 0.09428281250000001 0.636628125 0.113746875 0.638565625 0.1277375 0.6468015625