1 0.5556921874999999 0.90015 0.55385625 0.884384375 0.572828125 0.8821328125000001 0.5740515625 0.865615625 0.5697671875 0.8618625 0.544675 0.865615625 0.5520203125 0.8761265625 0.549571875 0.8896390625 0.5556921874999999 0.90015
1 0.2864140625 0.6884390625 0.292534375 0.6884390625 0.29620625 0.6674171875 0.2894734375 0.659159375 0.26744218750000004 0.653153125 0.24847031249999998 0.6704203125 0.25030625 0.675675 0.283353125 0.671171875 0.2900859375 0.677928125 0.2864140625 0.6884390625
1 0.8470015625 0.5112609375 0.8641375 0.5127625 0.8702578125 0.48423437500000005 0.8776015625 0.47222187499999996 0.8769890625000001 0.45045 0.8659734374999999 0.45345312499999996 0.848225 0.47222187499999996 0.853121875 0.4872375 0.8470015625 0.49774843750000003 0.8470015625 0.5112609375
1 0.488371875 0.5367875 0.47613281250000006 0.50675625 0.440025 0.47147187500000004 0.4394125 0.4857359375 0.451653125 0.50075 0.4700125 0.5397890624999999 0.4847 0.547296875 0.488371875 0.5367875
1 0.9222765624999999 0.7882890625 0.9394125000000001 0.7882890625 0.9412484375 0.8010515625 0.9363531249999999 0.8040546875000001 0.940025 0.8055562500000001 0.940025 0.8190687499999999 0.9547125 0.8205703124999999 0.9620562500000001 0.8070578125000001 0.958384375 0.784534375 0.9620562500000001 0.7740234375 0.9528765625 0.759759375 0.9455328125 0.771771875 0.9235 0.76876875 0.9130968749999999 0.775525 0.9222765624999999 0.7882890625
1 1 0.5983484375 0.9687875 0.5675671875 0.935740625 0.5675671875 0.9241125 0.559309375 0.9259484375 0.566065625 0.9381890625 0.56906875 0.9589968750000001 0.5945953125 1 0.6238734375 1 0.5983484375
1 0.4718484375 0.821321875 0.46205625 0.824325 0.4602203125 0.8190687499999999 0.46634062500000006 0.816065625 0.46327968750000004 0.8108109375 0.4522640625 0.8108109375 0.44736875 0.824325 0.440025 0.821321875 0.43818906249999995 0.828078125 0.4449203125 0.8258265625 0.44430781250000007 0.8355859375 0.4528765625 0.8385890625 0.44675624999999997 0.8445953125000001 0.45410000000000006 0.8566062499999999 0.45532500000000004 0.871621875 0.48102812500000003 0.8761265625 0.48347656250000004 0.8686187500000001 0.47368437500000005 0.865615625 0.4822515625 0.8626125 0.48347656250000004 0.8490984375 0.47735625 0.847596875 0.48347656250000004 0.846096875 0.4822515625 0.834084375 0.4718484375 0.821321875
1 0.78029375 0.8768765625 0.799265625 0.8986484375 0.799265625 0.915165625 0.7821296875 0.9451953124999999 0.7864140625 0.959459375 0.7980421875 0.958709375 0.8139531249999999 0.9497 0.8139531249999999 0.915165625 0.829865625 0.9046546875000001 0.7741734375 0.8603609375 0.769278125 0.8483484375 0.7637703124999999 0.8611109375 0.7674421875 0.8701203124999999 0.78029375 0.8768765625
1 0.413709375 0.553303125 0.43329218750000004 0.59384375 0.44430781250000007 0.602853125 0.46144375000000004 0.5923421875 0.46144375000000004 0.5728234375000001 0.45532500000000004 0.559309375 0.4241125 0.5390390625 0.40697656249999997 0.5165171875000001 0.398409375 0.51801875 0.39290156249999997 0.53078125 0.413709375 0.553303125
1 0.1866578125 0.6696703125 0.1315796875 0.6696703125 0.1034265625 0.6576578125 0.0703796875 0.659159375 0.05385625000000001 0.66891875 0.0630359375 0.678678125 0.1009796875 0.6771765624999999 0.12545937499999998 0.6831828125 0.13953437500000002 0.6959453124999999 0.1572828125 0.7297296875 0.186046875 0.73198125 0.22337812499999998 0.70570625 0.231946875 0.7072078125 0.2325578125 0.7019515625 0.22337812499999998 0.6997 0.2221546875 0.6921921875 0.21725781249999998 0.7012015625 0.20501874999999997 0.7012015625 0.1866578125 0.6696703125
1 0.8402687500000001 0.44744687499999997 0.8384328125 0.4542046875 0.8439406249999999 0.4579578125 0.85556875 0.45270312500000004 0.821296875 0.40015 0.83415 0.384384375 0.792534375 0.384384375 0.760709375 0.39339375 0.7386781250000001 0.40690625 0.7337828125 0.41891875 0.72705 0.4196703125 0.784578125 0.48123125 0.7723375 0.49624687500000003 0.7527546875 0.5397890624999999 0.754590625 0.5450453125 0.7662171875 0.547296875 0.7870250000000001 0.5232734375 0.8011015625000001 0.49099062499999996 0.814565625 0.47897968750000003 0.828640625 0.4767265625 0.8323140625000001 0.4512015625 0.8261937500000001 0.4451953125 0.8280296875 0.4414421875 0.8402687500000001 0.44744687499999997
1 0.7380656250000001 0.8040546875000001 0.7288859375000001 0.8003 0.72031875 0.7867875 0.7031828124999999 0.7867875 0.6811499999999999 0.7732734375 0.6603421875000001 0.75075 0.64320625 0.74925 0.632803125 0.75600625 0.636475 0.79955 0.6266828125 0.822071875 0.62913125 0.877628125 0.624234375 0.8926421875000001 0.632803125 0.9316812499999999 0.640146875 0.9361859375 0.6389234375 0.8956453124999999 0.6664625 0.866365625 0.716646875 0.84985 0.7503062500000001 0.847596875 0.6982859375 0.8333328124999999 0.7105265625 0.8183187500000001 0.7337828125 0.8123125 0.7380656250000001 0.8040546875000001