1 0.7093015625 0.5468375 0.7063953125 0.56751875 0.7112406250000001 0.5748171875 0.7112406250000001 0.5906328125 0.725775 0.593065625 0.7277125 0.5736015625 0.7228687500000001 0.5614359375 0.72480625 0.5565687500000001 0.7199609375 0.5504859375 0.725775 0.531021875 0.7185078125000001 0.5267640625000001 0.7189921874999999 0.5371046875000001 0.7093015625 0.5468375
1 0.5450578125 0.7627734375 0.5445734375 0.7694640625 0.551840625 0.7749390625 0.56153125 0.7712890625 0.562984375 0.7828468749999999 0.547965625 0.784671875 0.5421515625 0.7919703124999999 0.5334296875 0.7883218750000001 0.5281 0.803528125 0.5348843750000001 0.803528125 0.547965625 0.7931874999999999 0.5673453125 0.7992703125 0.5843015625 0.7974453125000001 0.5707359375000001 0.7937953125 0.5707359375000001 0.7670312499999999 0.5644375 0.7652062500000001 0.5605625 0.755475 0.5450578125 0.7627734375
1 0.713178125 0.3923359375 0.713178125 0.399634375 0.7073640625000001 0.40450156249999997 0.7112406250000001 0.4093671875 0.70155 0.4191 0.7034890625 0.43491406250000003 0.7160859375 0.44829687500000004 0.713178125 0.4628953125 0.7180234375000001 0.4641125 0.7277125 0.45924531249999995 0.7219 0.44343125 0.7219 0.42761562499999994 0.714146875 0.4191 0.72674375 0.4093671875 0.7209296875 0.40450156249999997 0.7214140625 0.388078125 0.713178125 0.3923359375
1 0.87790625 0.35705624999999996 0.8948640625 0.3734796875 0.9060078125000001 0.3777375 0.9098843750000001 0.365571875 0.9079453125000001 0.36070625 0.885659375 0.340025 0.8745156250000001 0.31630156249999997 0.8657953125000001 0.3150859375 0.863371875 0.324209375 0.8662796875 0.3351578125 0.87790625 0.35705624999999996
1 0.7286828125 0.3059609375 0.7306203124999999 0.336375 0.7340109375 0.34671562499999997 0.7432171875 0.3473234375 0.75 0.344890625 0.7432171875 0.30474375 0.74903125 0.27433125 0.7378875 0.24574218750000001 0.7325578125 0.25365000000000004 0.72674375 0.2913625 0.7315890625 0.3010953125 0.7286828125 0.3059609375
1 0.62596875 0.7244531249999999 0.62596875 0.7147203125 0.6206390625 0.705596875 0.61191875 0.7043796875 0.6099812499999999 0.6970796874999999 0.5964140625 0.694646875 0.5959296875 0.7049875 0.5910859375 0.7098546875 0.5978687500000001 0.734184375 0.5809109375 0.7372265625 0.573159375 0.7347937499999999 0.5707359375000001 0.7268859375 0.56540625 0.7250609375 0.560078125 0.7439171875 0.5789734375 0.744525 0.5809109375 0.7408765625 0.5847875 0.7591234375 0.585271875 0.7475671875 0.5944765624999999 0.7457421875 0.5930234375000001 0.7682484374999999 0.600775 0.779196875 0.6036828125 0.76338125 0.6080421874999999 0.7652062500000001 0.611434375 0.758515625 0.610465625 0.7487828125 0.6172484375 0.7439171875 0.614340625 0.7390515625 0.6162796875 0.72931875 0.62596875 0.7244531249999999
1 0.788275 0.01703125 0.7688953125 0.015815625 0.76114375 0.0267640625 0.74903125 0.0285890625 0.747578125 0.0401453125 0.77325625 0.045620312499999996 0.78924375 0.0437953125 0.797965625 0.036496875 0.8289734375 0.032846875 0.838178125 0.0212890625 0.8372093749999999 0.006690625 0.8250968750000001 0.004865625 0.81346875 0.012165625 0.788275 0.01703125
1 0.7059109375 0.1046234375 0.7664734375 0.11861250000000001 0.77325625 0.1076640625 0.75096875 0.0821171875 0.7417640624999999 0.053528125 0.7262593749999999 0.051095312500000004 0.7146312499999999 0.0596109375 0.7054265625 0.07481718750000001 0.70058125 0.09428281250000001 0.7059109375 0.1046234375
1 0.8469 0.621046875 0.849321875 0.6265203125000001 0.8657953125000001 0.64111875 0.8948640625 0.65206875 0.9064921874999999 0.6642328125 0.9156984375 0.663625 0.923934375 0.6618 0.9244187500000001 0.6526765625000001 0.9011625000000001 0.6271296875 0.8943796875000001 0.6125296875 0.8968015625 0.5851578125 0.8783921875 0.5851578125 0.8565890625 0.600365625 0.8469 0.621046875
1 0.5290703125 0.40450156249999997 0.5290703125 0.389903125 0.5329453125 0.3850359375 0.5281 0.3801703125 0.5314921874999999 0.3771296875 0.5339140625 0.3813875 0.5445734375 0.3351578125 0.5421515625 0.3321171875 0.524225 0.35583906249999997 0.5222875 0.399634375 0.5174421875 0.40450156249999997 0.5174421875 0.4191 0.509690625 0.42275 0.5019375 0.43613125 0.4961234375 0.45924531249999995 0.4835265625 0.47384375 0.47383749999999997 0.5334546875 0.487403125 0.58455 0.4961234375 0.5504859375 0.5062984375 0.5340625 0.5164734375 0.5273718749999999 0.510659375 0.43856406249999996 0.5125968750000001 0.42883281249999994 0.5184109375 0.42639843749999995 0.5184109375 0.4191 0.5290703125 0.40450156249999997
1 0.4418609375 0.1526765625 0.4544578125 0.1283453125 0.46414687499999996 0.0906328125 0.46414687499999996 0.076034375 0.4568796875 0.0632609375 0.44670468750000003 0.07725 0.4292640625 0.1368609375 0.4195734375 0.155109375 0.41182187499999995 0.1940390625 0.399225 0.2232359375 0.38856562499999997 0.2317515625 0.387596875 0.2427 0.39244218750000004 0.2573 0.39825625 0.262165625 0.399225 0.279196875 0.40358593750000005 0.2749390625 0.40891406249999995 0.279196875 0.40891406249999995 0.2718984375 0.4166671875 0.2682484375 0.4166671875 0.26338125 0.41182187499999995 0.2609484375 0.4166671875 0.2597328125 0.42441874999999996 0.2013375 0.4341078125 0.18795625 0.4418609375 0.1526765625
1 0.62209375 0.1976890625 0.62403125 0.15632656250000002 0.6065890625 0.1040140625 0.59980625 0.0614359375 0.589146875 0.0371046875 0.588178125 0.027371875 0.5939921874999999 0.01520625 0.5886625000000001 0.0097328125 0.5804265625 0.0115578125 0.5707359375000001 0.038321875 0.57655 0.0614359375 0.5784890625 0.093065625 0.589146875 0.1076640625 0.588178125 0.1684921875 0.5930234375000001 0.18795625 0.588178125 0.1940390625 0.5910859375 0.2025546875 0.588178125 0.217153125 0.5920546875 0.2232359375 0.5804265625 0.24634999999999999 0.5833328125 0.2512171875 0.5784890625 0.254865625 0.5746125 0.27068125 0.5537796875 0.2919703125 0.547965625 0.2919703125 0.5455421874999999 0.30231093750000004 0.5406984375 0.3059609375 0.539728125 0.32664218749999996 0.5465109375 0.329075 0.55135625 0.3254265625 0.5542640624999999 0.3096109375 0.5605625 0.3004859375 0.576065625 0.2968375 0.5862406250000001 0.286496875 0.5910859375 0.2718984375 0.585271875 0.2524328125 0.62209375 0.1976890625
1 0.9467046874999999 0.41545 0.961240625 0.39476875 0.9622093749999999 0.38260312500000004 0.9418609375000001 0.336375 0.9234500000000001 0.27676406249999996 0.9234500000000001 0.1903890625 0.9176359375 0.14294374999999998 0.9064921874999999 0.1216546875 0.8948640625 0.1204375 0.90019375 0.162409375 0.8914734375 0.1855234375 0.89825625 0.245134375 0.8943796875000001 0.2597328125 0.90019375 0.2694640625 0.90213125 0.2877125 0.9098843750000001 0.299878125 0.910853125 0.3351578125 0.9234500000000001 0.361921875 0.9321703125 0.369221875 0.9370156250000001 0.38747031249999997 0.9360468750000001 0.399634375 0.9273250000000001 0.40815156249999995 0.9331390624999999 0.41545 0.9331390624999999 0.423965625 0.9253875 0.43613125 0.9321703125 0.43978124999999996 0.9370156250000001 0.4543796875 0.9350781250000001 0.468978125 0.9399218749999999 0.47749375 0.9408921875 0.5176406250000001 0.9302328125000001 0.5577859375 0.92248125 0.5699515625 0.9234500000000001 0.5833328125 0.9195734375000001 0.5869828125 0.93459375 0.591240625 0.93846875 0.5985406249999999 0.9544578125 0.60158125 0.9651156249999999 0.5954984375000001 0.9719 0.56021875 0.97674375 0.551703125 0.9719 0.510340625 0.9515499999999999 0.4787109375 0.95251875 0.444646875 0.9457359375 0.4251828125 0.9467046874999999 0.41545
1 0.46802343750000003 0.7597328125 0.472384375 0.748175 0.486434375 0.73661875 0.4840109375 0.72384375 0.43943750000000004 0.72384375 0.4341078125 0.7147203125 0.435078125 0.7049875 0.45251875 0.6879562499999999 0.45736406250000006 0.670925 0.46608593750000005 0.659975 0.47674374999999997 0.6271296875 0.47432187499999995 0.619221875 0.447190625 0.6313875 0.4418609375 0.638078125 0.4341078125 0.6648421875 0.42345 0.679440625 0.41182187499999995 0.7098546875 0.4156984375 0.720803125 0.414728125 0.734184375 0.39825625 0.7487828125 0.3919578125 0.7652062500000001 0.372578125 0.7749390625 0.359496875 0.7877125 0.36095 0.794403125 0.3716078125 0.7931874999999999 0.37693750000000004 0.8083937499999999 0.386628125 0.8132609375 0.385175 0.8199515625 0.36870156249999997 0.8236015625 0.35755781249999996 0.8339421874999999 0.3449609375 0.8667890625 0.3531984375 0.8722625 0.36143437500000003 0.886253125 0.363371875 0.9057171875 0.37306249999999996 0.9057171875 0.385659375 0.8959859375000001 0.3938953125 0.8734796875 0.4190890625 0.85158125 0.435078125 0.8302921874999999 0.437984375 0.8083937499999999 0.45155 0.7889296875 0.45736406250000006 0.7694640625 0.46802343750000003 0.7597328125