1 0.5032515625 0.8520625000000001 0.46585312500000003 0.8734 0.4626015625 0.8833578125000001 0.47886249999999997 0.889046875 0.4967484375 0.8805125 0.5154468750000001 0.8627312500000001 0.5154468750000001 0.85561875 0.5032515625 0.8520625000000001
1 0.6024390625 0.7510671875 0.6130078125 0.7574687499999999 0.6040656249999999 0.77098125 0.56991875 0.78520625 0.539025 0.8079656249999999 0.5268296875 0.824325 0.5422765625 0.8250359375 0.58943125 0.7951640624999999 0.6008125 0.7965859375 0.5918703125 0.8314359375 0.560975 0.8627312500000001 0.565040625 0.8677093749999999 0.5910562500000001 0.8662875 0.6276421875 0.839971875 0.64065 0.804409375 0.654471875 0.786628125 0.704878125 0.7581796875 0.7227640625 0.7581796875 0.7487812500000001 0.732575 0.779675 0.7297296875 0.7878046875 0.7368421875 0.794309375 0.7354203125 0.8 0.70768125 0.7764234375 0.7069703125 0.7634140625 0.6998578125 0.7130078125 0.7012796875 0.6284546875 0.7297296875 0.5991875 0.726884375 0.5813015625 0.7311515625 0.56991875 0.7254625 0.535771875 0.7254625 0.5113828125000001 0.732575 0.4268296875 0.7738265625 0.373984375 0.818634375 0.365040625 0.8492171875000001 0.3772359375 0.8527734375 0.3837390625 0.8385484375000001 0.40487812500000003 0.8214796874999999 0.4073171875 0.8036984374999999 0.4235765625 0.7951640624999999 0.444715625 0.7965859375 0.47886249999999997 0.76386875 0.4983734375 0.7524890625 0.5276421874999999 0.7453765625 0.5406500000000001 0.75675625 0.565040625 0.7581796875 0.6024390625 0.7510671875
1 0.8934953125 0.6244671875 0.9 0.614509375 0.9008125 0.6209109374999999 0.914634375 0.6273109375 0.9186984375 0.6223328125 0.9130078125000001 0.6116640624999999 0.9203250000000001 0.6152203125 0.9195125000000001 0.621621875 0.93008125 0.6166421875 0.93008125 0.6095312500000001 0.9219515625 0.6052625 0.9178859375 0.5746796875 0.8934953125 0.6244671875
1 1 0.22261718749999998 0.9788625 0.1913234375 0.9577234375 0.1770984375 0.954471875 0.15860625 0.9398375 0.1415359375 0.9398375 0.1258890625 0.9203250000000001 0.10028437500000001 0.9219515625 0.07325781249999999 0.90975625 0.0640109375 0.8910562499999999 0.114509375 0.8959343750000001 0.13726875 0.8764234375 0.16145156249999998 0.8772359375000001 0.169275 0.913821875 0.19701249999999998 0.9268296875 0.22546249999999998 0.8959343750000001 0.269559375 0.8959343750000001 0.276671875 0.9073171875 0.28378437500000003 0.9121953125 0.3108109375 0.9008125 0.3805125 0.9203250000000001 0.403271875 0.9219515625 0.4160734375 0.9056906250000001 0.455903125 0.90975625 0.46515000000000006 0.9382109375000001 0.441678125 0.9333328125 0.43172187500000003 0.9382109375000001 0.3776671875 0.9203250000000001 0.3335703125 0.9463421875 0.3193453125 0.9447156250000001 0.28378437500000003 0.9382109375000001 0.2752484375 0.9463421875 0.23399687500000002 0.9731703125 0.22901875 0.9886171875 0.23684218750000002 0.9926828125 0.24751093750000003 1 0.2453765625 1 0.22261718749999998
1 0.075609375 0.8691328125 0.0837390625 0.8819343749999999 0.09674843749999999 0.8833578125000001 0.1121953125 0.8684203125 0.09024375 0.8364156250000001 0.074796875 0.8513515625 0.075609375 0.8691328125
1 0.194309375 0.1237546875 0.21544687499999998 0.142246875 0.23414687500000003 0.13442343750000002 0.23008125000000001 0.1166421875 0.2081296875 0.11877656249999999 0.2081296875 0.10170625 0.19918750000000002 0.0995734375 0.19756093749999998 0.09246093749999999 0.1918703125 0.1045515625 0.1772359375 0.11166406250000001 0.17317031249999998 0.1237546875 0.194309375 0.1237546875
1 0.0170734375 0.762446875 0.0016265625 0.766003125 0.0024390625 0.776671875 0.025203125 0.8122328124999999 0.054471875 0.8079656249999999 0.08943124999999999 0.8342812500000001 0.065853125 0.78520625 0.0170734375 0.762446875
1 0 0.5220484375 0.00975625 0.5156468750000001 0.024390625 0.4871984375 0.052032812500000004 0.46159375 0.055284375 0.4431015625 0.074796875 0.42034062499999997 0.0715453125 0.3990046875 0.09349531250000001 0.39687031250000004 0.105690625 0.3833578125 0.10894375 0.3463734375 0.13008124999999998 0.3264578125 0.13008124999999998 0.3051203125 0.1382109375 0.290896875 0.13170781250000002 0.2211953125 0.1528453125 0.188478125 0.1804875 0.1699859375 0.16991875 0.13371249999999998 0.15121875 0.138690625 0.144715625 0.16571875 0.125203125 0.1770984375 0.12032499999999999 0.195590625 0.0926828125 0.2140828125 0.095934375 0.2539125 0.074796875 0.307965625 0.08455312499999999 0.315078125 0.08617812500000001 0.3264578125 0.10406562500000001 0.350640625 0.061789062500000005 0.38477968749999997 0.055284375 0.40469375 0.039025 0.42034062499999997 0.030893749999999998 0.44594531249999997 0 0.4743953125 0 0.5220484375
1 0.33089375 0.27311562500000003 0.3414640625 0.2652921875 0.33252031249999997 0.258890625 0.32601562500000003 0.2617359375 0.33170781250000003 0.262446875 0.33089375 0.27311562500000003
1 0.3178859375 0.28165 0.3162609375 0.295875 0.3430890625 0.3634421875 0.34065 0.3741109375 0.3463421875 0.364865625 0.3414640625 0.35348437499999996 0.3463421875 0.3335703125 0.3365859375 0.315078125 0.32682968749999997 0.3108109375 0.3365859375 0.3051203125 0.3365859375 0.286628125 0.3276421875 0.3015640625 0.325203125 0.28520625 0.3178859375 0.28165
1 0.3130078125 0.42247500000000004 0.32439062500000004 0.4324328125 0.3422765625 0.43100937500000003 0.3463421875 0.42603125000000003 0.33252031249999997 0.3798015625 0.3121953125 0.41180625 0.3130078125 0.42247500000000004