1 0.889046875 0.5211375 0.8805125 0.5032515625 0.8627312500000001 0.484553125 0.85561875 0.484553125 0.8520625000000001 0.4967484375 0.8734 0.534146875 0.8833578125000001 0.5373984375 0.889046875 0.5211375
1 0.7524890625 0.5016265625 0.7453765625 0.47235781250000003 0.75675625 0.45935 0.7581796875 0.43495937500000004 0.7510671875 0.3975609375 0.7574687499999999 0.38699218750000003 0.77098125 0.395934375 0.78520625 0.43008125 0.8079656249999999 0.460975 0.824325 0.4731703125 0.8250359375 0.4577234375 0.7951640624999999 0.41056875000000004 0.7965859375 0.3991875 0.8314359375 0.40812968749999995 0.8627312500000001 0.439025 0.8677093749999999 0.43495937500000004 0.8662875 0.40894375 0.839971875 0.3723578125 0.804409375 0.35935 0.786628125 0.345528125 0.7581796875 0.295121875 0.7581796875 0.27723593750000003 0.732575 0.25121875 0.7297296875 0.22032500000000002 0.7368421875 0.2121953125 0.7354203125 0.205690625 0.70768125 0.2 0.7069703125 0.2235765625 0.6998578125 0.23658593749999998 0.7012796875 0.2869921875 0.7297296875 0.3715453125 0.726884375 0.40081249999999996 0.7311515625 0.41869843749999996 0.7254625 0.43008125 0.7254625 0.464228125 0.732575 0.48861718749999994 0.7738265625 0.5731703125000001 0.818634375 0.626015625 0.8492171875000001 0.634959375 0.8527734375 0.6227640625 0.8385484375000001 0.6162609375 0.8214796874999999 0.595121875 0.8036984374999999 0.5926828125 0.7951640624999999 0.5764234375 0.7965859375 0.555284375 0.76386875 0.5211375 0.7524890625 0.5016265625
1 0.6166421875 0.06991875 0.6095312500000001 0.06991875 0.6052625 0.0780484375 0.5746796875 0.0821140625 0.6244671875 0.1065046875 0.614509375 0.1 0.6209109374999999 0.0991875 0.6273109375 0.085365625 0.6223328125 0.08130156250000001 0.6116640624999999 0.0869921875 0.6152203125 0.079675 0.621621875 0.0804875 0.6166421875 0.06991875
1 0.22261718749999998 0 0.1913234375 0.0211375 0.1770984375 0.042276562499999996 0.15860625 0.045528125 0.1415359375 0.060162499999999994 0.1258890625 0.060162499999999994 0.10028437500000001 0.079675 0.07325781249999999 0.0780484375 0.0640109375 0.09024375 0.114509375 0.10894375 0.13726875 0.10406562500000001 0.16145156249999998 0.1235765625 0.169275 0.1227640625 0.19701249999999998 0.08617812500000001 0.22546249999999998 0.0731703125 0.269559375 0.10406562500000001 0.276671875 0.10406562500000001 0.28378437500000003 0.0926828125 0.3108109375 0.0878046875 0.3805125 0.0991875 0.403271875 0.079675 0.4160734375 0.0780484375 0.455903125 0.094309375 0.46515000000000006 0.09024375 0.441678125 0.061789062500000005 0.43172187500000003 0.0666671875 0.3776671875 0.061789062500000005 0.3335703125 0.079675 0.3193453125 0.0536578125 0.28378437500000003 0.055284375 0.2752484375 0.061789062500000005 0.23399687500000002 0.0536578125 0.22901875 0.026829687499999998 0.23684218750000002 0.0113828125 0.24751093750000003 0.0073171875 0.2453765625 0 0.22261718749999998 0
1 0.8833578125000001 0.9032515625 0.8684203125 0.8878046875000001 0.8364156250000001 0.90975625 0.8513515625 0.925203125 0.8691328125 0.924390625 0.8819343749999999 0.9162609375 0.8833578125000001 0.9032515625
1 0.09246093749999999 0.8024390625000001 0.1045515625 0.8081296874999999 0.11166406250000001 0.8227640624999999 0.1237546875 0.8268296875000001 0.1237546875 0.8056906250000001 0.142246875 0.784553125 0.13442343750000002 0.765853125 0.1166421875 0.76991875 0.11877656249999999 0.7918703125000001 0.10170625 0.7918703125000001 0.0995734375 0.8008124999999999 0.09246093749999999 0.8024390625000001
1 0.8122328124999999 0.974796875 0.8079656249999999 0.945528125 0.8342812500000001 0.91056875 0.78520625 0.934146875 0.762446875 0.9829265625 0.766003125 0.9983734375 0.776671875 0.9975609375 0.8122328124999999 0.974796875
1 0.5220484375 1 0.5156468750000001 0.99024375 0.4871984375 0.975609375 0.46159375 0.9479671875 0.4431015625 0.9447156250000001 0.42034062499999997 0.925203125 0.3990046875 0.9284546875 0.39687031250000004 0.9065046875 0.3833578125 0.894309375 0.3463734375 0.8910562499999999 0.3264578125 0.8699187500000001 0.3051203125 0.8699187500000001 0.290896875 0.8617890625 0.2211953125 0.8682921875 0.188478125 0.8471546875 0.1699859375 0.8195125000000001 0.13371249999999998 0.8300812499999999 0.138690625 0.84878125 0.16571875 0.8552843749999999 0.1770984375 0.874796875 0.195590625 0.879675 0.2140828125 0.9073171875 0.2539125 0.904065625 0.307965625 0.925203125 0.315078125 0.915446875 0.3264578125 0.913821875 0.350640625 0.8959343750000001 0.38477968749999997 0.9382109375000001 0.40469375 0.9447156250000001 0.42034062499999997 0.960975 0.44594531249999997 0.96910625 0.4743953125 1 0.5220484375 1
1 0.2652921875 0.6585359375000001 0.258890625 0.6674796875 0.2617359375 0.6739843750000001 0.262446875 0.6682921875 0.27311562500000003 0.66910625 0.2652921875 0.6585359375000001
1 0.3051203125 0.6634140625 0.286628125 0.6634140625 0.3015640625 0.6723578125 0.28520625 0.674796875 0.28165 0.6821140625 0.295875 0.6837390625 0.3634421875 0.6569109375 0.3741109375 0.65935 0.364865625 0.6536578125 0.35348437499999996 0.6585359375000001 0.3335703125 0.6536578125 0.315078125 0.6634140625 0.3108109375 0.6731703125 0.3051203125 0.6634140625
1 0.43100937500000003 0.6577234375 0.42603125000000003 0.6536578125 0.3798015625 0.6674796875 0.41180625 0.6878046875 0.42247500000000004 0.6869921875 0.4324328125 0.675609375 0.43100937500000003 0.6577234375