1 0.13726875 0.5154468750000001 0.14438125 0.5154468750000001 0.1479375 0.5032515625 0.1266 0.46585312500000003 0.1166421875 0.4626015625 0.11095312500000001 0.47886249999999997 0.1194875 0.4967484375 0.13726875 0.5154468750000001
1 0.24324374999999998 0.5406500000000001 0.24182031249999997 0.565040625 0.24893281250000002 0.6024390625 0.24253125 0.6130078125 0.22901875 0.6040656249999999 0.21479374999999998 0.56991875 0.192034375 0.539025 0.175675 0.5268296875 0.17496406250000002 0.5422765625 0.2048359375 0.58943125 0.2034140625 0.6008125 0.1685640625 0.5918703125 0.13726875 0.560975 0.132290625 0.565040625 0.13371249999999998 0.5910562500000001 0.16002812500000002 0.6276421875 0.195590625 0.64065 0.213371875 0.654471875 0.24182031249999997 0.704878125 0.24182031249999997 0.7227640625 0.26742499999999997 0.7487812500000001 0.2702703125 0.779675 0.2631578125 0.7878046875 0.2645796875 0.794309375 0.29231875 0.8 0.29302968749999997 0.7764234375 0.3001421875 0.7634140625 0.29872031250000003 0.7130078125 0.2702703125 0.6284546875 0.27311562500000003 0.5991875 0.2688484375 0.5813015625 0.2745375 0.56991875 0.2745375 0.535771875 0.26742499999999997 0.5113828125000001 0.22617343750000002 0.4268296875 0.181365625 0.373984375 0.1507828125 0.365040625 0.1472265625 0.3772359375 0.16145156249999998 0.3837390625 0.1785203125 0.40487812500000003 0.1963015625 0.4073171875 0.2048359375 0.4235765625 0.2034140625 0.444715625 0.23613125 0.47886249999999997 0.24751093750000003 0.4983734375 0.2546234375 0.5276421874999999 0.24324374999999998 0.5406500000000001
1 0.3947375 0.9219515625 0.42532031249999996 0.9178859375 0.37553281250000003 0.8934953125 0.385490625 0.9 0.37908906249999996 0.9008125 0.3726890625 0.914634375 0.3776671875 0.9186984375 0.3883359375 0.9130078125000001 0.38477968749999997 0.9203250000000001 0.378378125 0.9195125000000001 0.3833578125 0.93008125 0.39046875000000003 0.93008125 0.3947375 0.9219515625
1 0.7773828125 1 0.8086765625 0.9788625 0.8229015625 0.9577234375 0.8413937499999999 0.954471875 0.8584640625000001 0.9398375 0.8741109375 0.9398375 0.899715625 0.9203250000000001 0.9267421875 0.9219515625 0.9359890625 0.90975625 0.8854906250000001 0.8910562499999999 0.8627312500000001 0.8959343750000001 0.8385484375000001 0.8764234375 0.8307249999999999 0.8772359375000001 0.8029875000000001 0.913821875 0.7745375 0.9268296875 0.7304406250000001 0.8959343750000001 0.723328125 0.8959343750000001 0.716215625 0.9073171875 0.6891890625 0.9121953125 0.6194875 0.9008125 0.596728125 0.9203250000000001 0.5839265625000001 0.9219515625 0.5440968749999999 0.9056906250000001 0.5348499999999999 0.90975625 0.5583218750000001 0.9382109375000001 0.568278125 0.9333328125 0.6223328125 0.9382109375000001 0.6664296875 0.9203250000000001 0.6806546875 0.9463421875 0.716215625 0.9447156250000001 0.7247515625000001 0.9382109375000001 0.766003125 0.9463421875 0.77098125 0.9731703125 0.7631578125 0.9886171875 0.7524890625 0.9926828125 0.7546234375 1 0.7773828125 1
1 0.163584375 0.09024375 0.1486484375 0.074796875 0.13086718749999998 0.075609375 0.118065625 0.0837390625 0.1166421875 0.09674843749999999 0.1315796875 0.1121953125 0.163584375 0.09024375
1 0.8883359375 0.1772359375 0.8762453125 0.17317031249999998 0.8762453125 0.194309375 0.857753125 0.21544687499999998 0.8655765625 0.23414687500000003 0.8833578125000001 0.23008125000000001 0.8812234374999999 0.2081296875 0.89829375 0.2081296875 0.9004265625000001 0.19918750000000002 0.9075390625 0.19756093749999998 0.8954484375 0.1918703125 0.8883359375 0.1772359375
1 0.16571875 0.08943124999999999 0.21479374999999998 0.065853125 0.23755312499999998 0.0170734375 0.23399687500000002 0.0016265625 0.22332812500000002 0.0024390625 0.18776718750000002 0.025203125 0.192034375 0.054471875 0.16571875 0.08943124999999999
1 0.47795156250000004 0 0.484353125 0.00975625 0.5128015625 0.024390625 0.53840625 0.052032812500000004 0.5568984375 0.055284375 0.5796593750000001 0.074796875 0.6009953125 0.0715453125 0.6031296875 0.09349531250000001 0.6166421875 0.105690625 0.6536265625000001 0.10894375 0.6735421875000001 0.13008124999999998 0.6948796875000001 0.13008124999999998 0.7091031250000001 0.1382109375 0.7788046875 0.13170781250000002 0.8115218750000001 0.1528453125 0.8300140624999999 0.1804875 0.8662875 0.16991875 0.861309375 0.15121875 0.8342812500000001 0.144715625 0.8229015625 0.125203125 0.804409375 0.12032499999999999 0.7859171875000001 0.0926828125 0.7460875 0.095934375 0.692034375 0.074796875 0.684921875 0.08455312499999999 0.6735421875000001 0.08617812500000001 0.649359375 0.10406562500000001 0.6152203125 0.061789062500000005 0.5953062499999999 0.055284375 0.5796593750000001 0.039025 0.5540546875000001 0.030893749999999998 0.5256046875 0 0.47795156250000004 0
1 0.7382640625 0.32601562500000003 0.737553125 0.33170781250000003 0.726884375 0.33089375 0.7347078125000001 0.3414640625 0.741109375 0.33252031249999997 0.7382640625 0.32601562500000003
1 0.6984359375 0.3276421875 0.71479375 0.325203125 0.71835 0.3178859375 0.704125 0.3162609375 0.6365578125 0.3430890625 0.6258890625 0.34065 0.635134375 0.3463421875 0.6465156249999999 0.3414640625 0.6664296875 0.3463421875 0.684921875 0.3365859375 0.6891890625 0.32682968749999997 0.6948796875000001 0.3365859375 0.713371875 0.3365859375 0.6984359375 0.3276421875
1 0.6201984375 0.33252031249999997 0.5881937500000001 0.3121953125 0.577525 0.3130078125 0.5675671875 0.32439062500000004 0.568990625 0.3422765625 0.5739687499999999 0.3463421875 0.6201984375 0.33252031249999997