1 0.4302328125 0.1381375 0.45532500000000004 0.134384375 0.4479796875 0.12387343749999999 0.450428125 0.1103609375 0.44430781250000007 0.09985000000000001 0.44614374999999995 0.115615625 0.427171875 0.1178671875 0.42594843750000005 0.134384375 0.4302328125 0.1381375
1 0.7325578125 0.346846875 0.7515296874999999 0.3295796875 0.7496937499999999 0.32432500000000003 0.716646875 0.32882812499999997 0.7099140625 0.322071875 0.7135859375 0.3115609375 0.707465625 0.3115609375 0.70379375 0.3325828125 0.7105265625 0.340840625 0.7325578125 0.346846875
1 0.1230109375 0.54955 0.1340265625 0.546546875 0.151775 0.527778125 0.146878125 0.5127625 0.1529984375 0.5022515624999999 0.1529984375 0.4887390625 0.1358625 0.4872375 0.1297421875 0.515765625 0.12239843749999998 0.527778125 0.1230109375 0.54955
1 0.548346875 0.49924999999999997 0.5299875000000001 0.46021093750000003 0.5153 0.45270312500000004 0.511628125 0.4632125 0.5238671874999999 0.49324375 0.559975 0.528528125 0.5605875 0.5142640625 0.548346875 0.49924999999999997
1 0.059975 0.19444375 0.059975 0.18093125000000002 0.0452875 0.1794296875 0.03794375 0.1929421875 0.041615625 0.215465625 0.03794375 0.2259765625 0.0471234375 0.24024062499999999 0.0544671875 0.228228125 0.0765 0.23123125 0.086903125 0.22447499999999998 0.0777234375 0.2117109375 0.0605875 0.2117109375 0.0587515625 0.1989484375 0.063646875 0.1959453125 0.059975 0.19444375
1 0 0.4016515625 0.031212499999999997 0.4324328125 0.064259375 0.4324328125 0.0758875 0.44069062499999995 0.0740515625 0.43393437500000004 0.061810937499999996 0.43093125 0.041003125 0.4054046875 0 0.3761265625 0 0.4016515625
1 0.5367203125 0.1891890625 0.5477359374999999 0.1891890625 0.55263125 0.175675 0.559975 0.178678125 0.5618109375 0.171921875 0.5550796874999999 0.1741734375 0.5556921874999999 0.16441406249999999 0.5471234375 0.1614109375 0.55324375 0.1554046875 0.5458999999999999 0.14339375000000001 0.544675 0.128378125 0.518971875 0.12387343749999999 0.5165234375 0.13138125 0.526315625 0.134384375 0.5177484375 0.1373875 0.5165234375 0.1509015625 0.5226437500000001 0.152403125 0.5165234375 0.153903125 0.5177484375 0.165915625 0.5281515625 0.178678125 0.5379437499999999 0.175675 0.5397796875 0.18093125000000002 0.5336593749999999 0.183934375 0.5367203125 0.1891890625
1 0.2135859375 0.040540625000000004 0.20195781249999997 0.041290625 0.186046875 0.0503 0.186046875 0.08483437499999999 0.170134375 0.0953453125 0.2258265625 0.1396390625 0.23072187500000002 0.1516515625 0.2362296875 0.1388890625 0.2325578125 0.1298796875 0.21970625 0.12312343750000002 0.200734375 0.10135156249999999 0.200734375 0.08483437499999999 0.21787031250000002 0.054804687500000004 0.2135859375 0.040540625000000004
1 0.53855625 0.42717656249999997 0.544675 0.44069062499999995 0.5758875 0.4609609375 0.5930234375000001 0.48348281249999997 0.6015906249999999 0.48198125 0.6070984375 0.46921875 0.586290625 0.44669687500000005 0.5667078125 0.40615625 0.5556921874999999 0.397146875 0.53855625 0.4076578125 0.53855625 0.42717656249999997
1 0.9461437500000001 0.33108125 0.9369640625000001 0.321321875 0.8990203125 0.3228234375 0.8745406250000001 0.3168171875 0.860465625 0.3040546875 0.8427171875000001 0.2702703125 0.8139531249999999 0.26801875000000003 0.776621875 0.29429375 0.768053125 0.2927921875 0.7674421875 0.2980484375 0.776621875 0.3003 0.7778453125 0.3078078125 0.7827421875 0.2987984375 0.79498125 0.2987984375 0.8133421875 0.3303296875 0.8684203125 0.3303296875 0.8965734375000001 0.3423421875 0.9296203125 0.340840625 0.9461437500000001 0.33108125
1 0.17870312500000002 0.59985 0.16585 0.615615625 0.207465625 0.615615625 0.23929062499999998 0.60660625 0.26132187500000004 0.59309375 0.2662171875 0.58108125 0.27294999999999997 0.5803296875 0.215421875 0.51876875 0.22766250000000002 0.503753125 0.24724531249999998 0.46021093750000003 0.245409375 0.4549546875 0.23378281250000002 0.45270312500000004 0.212975 0.4767265625 0.1988984375 0.509009375 0.18543437499999998 0.5210203124999999 0.171359375 0.5232734375 0.1676859375 0.5487984375 0.17380625 0.5548046875 0.1719703125 0.5585578124999999 0.15973125 0.552553125 0.16156718750000001 0.5457953125 0.156059375 0.5420421875 0.14443125 0.547296875 0.17870312500000002 0.59985
1 0.31884999999999997 0.22672656249999998 0.3396578125 0.24925000000000003 0.35679375 0.25075 0.367196875 0.24399375 0.363525 0.20045000000000002 0.3733171875 0.177928125 0.37086874999999997 0.12237187499999999 0.375765625 0.10735781250000001 0.367196875 0.06831875 0.359853125 0.0638140625 0.3610765625 0.10435468750000002 0.3335375 0.133634375 0.283353125 0.15015 0.24969375 0.152403125 0.3017140625 0.1666671875 0.2894734375 0.18168125 0.2662171875 0.1876875 0.261934375 0.1959453125 0.27111406250000003 0.19970000000000002 0.27968125 0.21321249999999997 0.29681718749999997 0.21321249999999997 0.31884999999999997 0.22672656249999998