1 0.8142515625 0.9624062500000001 0.8209500000000001 0.9581765624999999 0.8166874999999999 0.9483078125000001 0.800853125 0.9483078125000001 0.7978078125 0.9412593749999999 0.7868453125 0.9375 0.7862359375 0.9323312500000001 0.7643125000000001 0.9304515625 0.7356874999999999 0.914003125 0.732034375 0.8980265624999999 0.76735625 0.8660718749999999 0.76735625 0.858553125 0.7752734375 0.8552625 0.8063343749999999 0.8707703125 0.8282578125000001 0.914003125 0.8361750000000001 0.9182328125 0.84165625 0.914003125 0.8404390625 0.8923875000000001 0.8550546875 0.8651312499999999 0.8434828124999999 0.8552625 0.8105968750000001 0.843984375 0.768575 0.8153203124999999 0.7813640625 0.8035718749999999 0.8081609375 0.7969921875 0.8434828124999999 0.8233078125000001 0.8581 0.826128125 0.873325 0.8162593749999999 0.852009375 0.8073312500000001 0.8282578125000001 0.781484375 0.8343484374999999 0.7692671875 0.8465281250000001 0.7655078125 0.84165625 0.7608078125 0.8507921875 0.7593984375 0.8666265624999999 0.7481203125 0.872715625 0.7368421875 0.8824609375 0.73778125 0.9019484375 0.7518796875 0.9177828124999999 0.7490593750000001 0.9397078125 0.7528203125 0.947625 0.7495296875 0.9104749999999999 0.7274437500000001 0.9037765625 0.718515625 0.9123015625 0.7044171875 0.9269187499999999 0.7006578125 0.9330078125 0.6828000000000001 0.9488421875 0.6771609375 0.9512796874999999 0.6677625 0.9701578124999999 0.651315625 0.9805109375000001 0.6480265625 0.9975640625000001 0.6254703125 0.999390625 0.5770671875 0.9805109375000001 0.5878765625 0.9537156250000001 0.6226499999999999 0.9293546875 0.6395671875 0.9226546875 0.6494359375000001 0.9177828124999999 0.6437968749999999 0.9171734375 0.6508453125 0.9104749999999999 0.656015625 0.883678125 0.6644734375 0.8775890625 0.6729328125 0.8581 0.6766921875 0.8185140625 0.7119359375000001 0.816078125 0.722275 0.8002437499999999 0.722275 0.799025 0.7344921875 0.8166874999999999 0.7368421875 0.8209500000000001 0.7476499999999999 0.8270406250000001 0.7457703125 0.8270406250000001 0.7514093749999999 0.820340625 0.7509406249999999 0.8185140625 0.7579890625 0.8105968750000001 0.7631578125 0.8002437499999999 0.75986875 0.79598125 0.7434203125 0.7923265625 0.75 0.75335 0.761278125 0.7381249999999999 0.7514093749999999 0.7332515625 0.7354328125 0.7521312499999999 0.7349625 0.7600484375 0.722275 0.7655296875000001 0.723684375 0.7722296875 0.718515625 0.7722296875 0.7044171875 0.7655296875000001 0.6907890625 0.757003125 0.703946875 0.7381249999999999 0.7053578125 0.7356874999999999 0.717575 0.7247265625 0.722275 0.7295984375 0.72979375 0.725334375 0.734021875 0.7186359375 0.7326125 0.7186359375 0.721334375 0.710109375 0.717575 0.7076734375 0.7062968749999999 0.69549375 0.7025375 0.6961015625 0.6936093750000001 0.67783125 0.6907890625 0.668696875 0.6931390625 0.6833125 0.7203953125 0.69549375 0.72979375 0.6930578125 0.7420109375 0.7174171874999999 0.782425 0.73264375 0.783834375 0.7350796875000001 0.7894734375 0.7423875 0.7828953125 0.7509140624999999 0.7828953125 0.752740625 0.786184375 0.7283796875 0.796521875 0.7204625 0.8129703125000001 0.7028015625 0.8153203124999999 0.7088921874999999 0.82001875 0.7088921874999999 0.828478125 0.69549375 0.83975625 0.6961015625 0.8449249999999999 0.68879375 0.8392859375 0.688184375 0.843515625 0.678440625 0.8482140625 0.6808765625000001 0.8641921874999999 0.6632156250000001 0.8599625 0.6565171875 0.8632515625 0.657125 0.8684203125 0.6674781249999999 0.8726499999999999 0.6601703125 0.8867484375 0.66930625 0.8881578125 0.6900125 0.906015625 0.7021921875 0.909775 0.716809375 0.9229328125 0.7277703125 0.9257515625 0.7423875 0.9464281250000001 0.7509140624999999 0.9501875 0.769184375 0.9492484375 0.8020703125 0.9624062500000001 0.8142515625 0.9624062500000001
1 0.7271625 0.7495296875 0.7192453125 0.7546999999999999 0.715590625 0.7349625 0.6924484375 0.73778125 0.700365625 0.7457703125 0.6979296875000001 0.7504703125 0.70401875 0.7645671875 0.7143734375 0.7716171875 0.7241171875 0.765978125 0.74665 0.77020625 0.74665 0.7617484375 0.7332515625 0.758928125 0.73690625 0.7532890625 0.7302078125 0.7434203125 0.7235078125000001 0.7457703125 0.7271625 0.7495296875
1 0.089525 0.48590156249999994 0.07856250000000001 0.484021875 0.06881875 0.49248125 0.063946875 0.4868421875 0.0596828125 0.49295156249999994 0.05785625 0.5225562499999999 0.062728125 0.5253765625 0.09561562500000001 0.5253765625 0.1004875 0.5225562499999999 0.105359375 0.530075 0.1077953125 0.5178578125 0.11753906249999999 0.5225562499999999 0.1297203125 0.5216171875 0.1449453125 0.50986875 0.1394640625 0.5018796875 0.09926874999999999 0.49436093750000004 0.09135156250000001 0.491071875 0.089525 0.48590156249999994
1 0.5261875 0.4055453125 0.5298421875 0.396146875 0.5079171875 0.37547031249999996 0.4969546875 0.3519734375 0.479903125 0.3331765625 0.4811203125 0.32189843749999997 0.5042625000000001 0.3021609375 0.4914734375 0.3045109375 0.4707671875 0.32236875 0.45493281249999995 0.31766875 0.442753125 0.3242484375 0.440925 0.320959375 0.448234375 0.3181390625 0.44214374999999995 0.3143796875 0.440925 0.3068609375 0.4196109375 0.288534375 0.41473750000000004 0.2951125 0.43057187499999994 0.311090625 0.4397078125 0.31344062500000003 0.4397078125 0.3256578125 0.4445796875 0.3275375 0.448234375 0.3416359375 0.46955 0.34304531250000003 0.49817343750000004 0.3876875 0.5176609375 0.3942671875 0.521925 0.40883437499999997 0.536540625 0.40977499999999994 0.536540625 0.4003765625 0.5261875 0.4055453125
1 0.9062125 0.6931390625 0.9104749999999999 0.7001875 0.9177828124999999 0.6954890625 0.9238734375 0.696428125 0.9244828125 0.6828000000000001 0.9439703125 0.671521875 0.947625 0.6621234375 0.9372718750000001 0.658834375 0.9287453125 0.6503765625 0.9226546875 0.6578953125 0.904384375 0.658834375 0.8976859375 0.6630640624999999 0.8995124999999999 0.673871875 0.8909859375 0.6757515625 0.8928140625 0.6705828125 0.8885500000000001 0.66729375 0.8818515625 0.6705828125 0.88976875 0.6813906249999999 0.8982953124999999 0.6795109375 0.9013390625 0.6828000000000001 0.8982953124999999 0.6898500000000001 0.8934218749999999 0.6851499999999999 0.8824609375 0.6907890625 0.8666265624999999 0.6898500000000001 0.8678437499999999 0.696428125 0.8593171875 0.6898500000000001 0.8471375 0.6898500000000001 0.8398296875 0.7030078125 0.872715625 0.7058265625 0.8678437499999999 0.7105265625 0.8599265624999999 0.7091171875 0.8599265624999999 0.7269734375 0.883678125 0.7293234375 0.879415625 0.733553125 0.8873328125000001 0.73778125 0.904384375 0.7359015624999999 0.9086484374999999 0.72979375 0.900121875 0.717575 0.9062125 0.7100562499999999 0.9062125 0.6931390625
1 0.6132765625000001 0.640978125 0.6035328125 0.6343984375 0.5968328125 0.641446875 0.5980515625 0.656484375 0.6157125 0.658834375 0.6376375000000001 0.6719921875 0.6486 0.671053125 0.6540796875 0.6630640624999999 0.6516437500000001 0.6555453124999999 0.6418999999999999 0.6367484375 0.6333734375 0.6311093750000001 0.6260656250000001 0.5906953125000001 0.6138859375 0.578478125 0.59926875 0.5399437500000001 0.577953125 0.533834375 0.5560296874999999 0.5216171875 0.5438484375 0.5206765625 0.517053125 0.5281953125000001 0.504871875 0.54229375 0.5140078124999999 0.5474625 0.5140078124999999 0.566259375 0.5274062500000001 0.5991546875 0.552375 0.6043234375 0.5560296874999999 0.6005640624999999 0.5706453125000001 0.601503125 0.5767359375 0.609021875 0.590134375 0.6118421875 0.595615625 0.6254703125 0.6084046875 0.6343984375 0.615103125 0.6311093750000001 0.6132765625000001 0.640978125
1 0.241778125 0.4154140625 0.2283796875 0.4078953125 0.2076734375 0.40507499999999996 0.19975625 0.4083640625 0.2015828125 0.41259375 0.210109375 0.4144734375 0.2162 0.421053125 0.23203437500000001 0.421053125 0.26370312500000004 0.43045156249999994 0.27040156249999997 0.438440625 0.2722296875 0.458646875 0.27770937500000004 0.45535781249999996 0.283190625 0.43233125 0.289890625 0.43937968749999995 0.2862359375 0.44313906249999996 0.289890625 0.4506578125 0.299634375 0.4581765625 0.2947625 0.4628765625 0.31303281250000003 0.46851562500000005 0.3185140625 0.484021875 0.3331296875 0.4746234375 0.3489640625 0.4793234375 0.35931718749999997 0.47509375 0.3459203125 0.46851562500000005 0.3471375 0.45535781249999996 0.35383749999999997 0.4492484375 0.352009375 0.45629687499999994 0.358709375 0.46146562500000005 0.3647984375 0.4605265625 0.368453125 0.4671046875 0.37515156250000004 0.4656953125 0.37880625 0.483553125 0.3861140625 0.4844921875 0.38855 0.4920109375 0.3995125 0.4873125 0.3909859375 0.4826125 0.40194843750000003 0.47603437499999995 0.393421875 0.4666359375 0.40194843750000003 0.4656953125 0.40499375000000004 0.4548875 0.41047500000000003 0.45911718749999997 0.409865625 0.46522500000000006 0.41473750000000004 0.46146562500000005 0.4226546875 0.4619359375 0.4226546875 0.45253750000000004 0.41291093749999996 0.4506578125 0.409865625 0.436090625 0.37454375 0.4248125 0.3550546875 0.423871875 0.342875 0.43797031249999996 0.3233859375 0.44172968749999997 0.31546875 0.4243421875 0.288671875 0.4083640625 0.29354375 0.4046046875 0.2923265625 0.396146875 0.28745468750000003 0.3858078125 0.27040156249999997 0.37547031249999996 0.269184375 0.35667343749999997 0.2594390625 0.34633437499999997 0.2594390625 0.3303578125 0.24786875 0.3298875 0.2283796875 0.31672968749999997 0.211328125 0.313909375 0.2028015625 0.3054515625 0.158953125 0.30263125 0.1552984375 0.311090625 0.163825 0.3204890625 0.1711328125 0.3157890625 0.18453124999999998 0.321428125 0.2125453125 0.3251875 0.1967109375 0.328946875 0.1961015625 0.3331765625 0.2344703125 0.34116562500000003 0.24847812500000002 0.353853125 0.25091406250000003 0.3782890625 0.2594390625 0.39332656250000003 0.2643125 0.41588281250000003 0.241778125 0.4154140625
1 0.2880640625 0.781015625 0.2813640625 0.778665625 0.283190625 0.7866546875 0.2978078125 0.79229375 0.3069421875 0.78524375 0.2984171875 0.7805453124999999 0.30450625 0.7730265625 0.30024375000000003 0.7678578125 0.27040156249999997 0.7645671875 0.269184375 0.7514093749999999 0.278928125 0.7485906250000001 0.283190625 0.7368421875 0.2965890625 0.738721875 0.3020703125 0.7504703125 0.30998749999999997 0.7518796875 0.31546875 0.7373125 0.3075515625 0.7218046874999999 0.29171718750000003 0.7208640625 0.2880640625 0.711465625 0.2710109375 0.7133453125 0.27040156249999997 0.7062968749999999 0.26187499999999997 0.7025375 0.258221875 0.6931390625 0.23203437500000001 0.6729328125 0.2302078125 0.6940796875 0.25091406250000003 0.7062968749999999 0.25213125000000003 0.718515625 0.2606578125 0.726034375 0.2606578125 0.7344921875 0.2667484375 0.7373125 0.26309375 0.7495296875 0.252740625 0.7528203125 0.24786875 0.7359015624999999 0.23203437500000001 0.7368421875 0.2277703125 0.7269734375 0.20950000000000002 0.7194546875000001 0.20645625 0.7105265625 0.17783125 0.69971875 0.1827046875 0.691259375 0.19549375 0.6870296875 0.211328125 0.673871875 0.23081562500000002 0.6701125 0.24238749999999998 0.6630640624999999 0.23873281249999997 0.6517859374999999 0.225334375 0.6433265625 0.22168125 0.6282890625 0.23203437500000001 0.621240625 0.23690625 0.6259406249999999 0.23751562499999998 0.6198312500000001 0.24847812500000002 0.616071875 0.25213125000000003 0.60479375 0.267965625 0.5944546875000001 0.2710109375 0.5770671875 0.23690625 0.5883453125 0.22959843750000003 0.601503125 0.1668703125 0.6358078125 0.1607796875 0.6470859375 0.1680875 0.6583640625 0.1680875 0.671521875 0.1376375 0.6865593750000001 0.12606562500000001 0.7048875 0.1126671875 0.7067671875 0.1236296875 0.7142859374999999 0.1297203125 0.708646875 0.135809375 0.7105265625 0.1406828125 0.70770625 0.1711328125 0.7105265625 0.21985312499999998 0.7434203125 0.2356875 0.7453000000000001 0.23386093749999998 0.7495296875 0.252740625 0.7593984375 0.2661390625 0.773496875 0.2868453125 0.776315625 0.2880640625 0.781015625
1 0.0828265625 0.47603437499999995 0.0755171875 0.46381562499999995 0.0560296875 0.45159843750000006 0.054810937500000004 0.44689843749999997 0.05663749999999999 0.43702968750000004 0.063946875 0.436090625 0.06881875 0.4295109375 0.0816078125 0.42716093749999995 0.0755171875 0.41588281250000003 0.0645546875 0.4121234375 0.0633375 0.396146875 0.07673593749999999 0.388628125 0.07978125 0.38251875 0.084653125 0.383459375 0.08526249999999999 0.37734999999999996 0.09500625 0.3717109375 0.0986609375 0.35479375 0.115103125 0.34962343749999997 0.11997500000000001 0.34304531250000003 0.1248484375 0.343984375 0.1278921875 0.3369359375 0.11023125 0.3392859375 0.10170468749999999 0.336465625 0.089525 0.340225 0.08526249999999999 0.3303578125 0.077953125 0.3256578125 0.11023125 0.32236875 0.13215625 0.3270671875 0.14311875000000002 0.32236875 0.146771875 0.326128125 0.1461625 0.32189843749999997 0.1400734375 0.320959375 0.1400734375 0.3125 0.1595609375 0.28712343749999997 0.15651718750000002 0.27819531249999996 0.11875781249999999 0.2744359375 0.09926874999999999 0.27725625 0.09561562500000001 0.268796875 0.063946875 0.2866546875 0.0481125 0.2866546875 0.021315624999999998 0.28007499999999996 0.0024359374999999997 0.28524375 0.0030453125000000003 0.2894734375 0.0237515625 0.2894734375 0.0341046875 0.2946421875 0.025578125 0.31344062500000003 0.0024359374999999997 0.32189843749999997 0.0036546875 0.34257499999999996 0.011571874999999999 0.34680468750000004 0.0347140625 0.3421046875 0.0383671875 0.33740625 0.0663828125 0.3355265625 0.07308125 0.34069531249999996 0.0706453125 0.35667343749999997 0.077953125 0.36513125 0.0755171875 0.3717109375 0.061510937499999994 0.3768796875 0.0353234375 0.4008453125 0.0243609375 0.42998125 0.0036546875 0.436559375 0.0018265625 0.4558265625 0.021925 0.47133437499999997 0.03166875 0.4873125 0.028623437499999998 0.5018796875 0.020096875 0.496240625 0.0024359374999999997 0.49765 0.0188796875 0.5046999999999999 0.03715 0.5065796875 0.037759375 0.5023500000000001 0.0450671875 0.5004703125 0.0481125 0.48590156249999994 0.0663828125 0.47744375000000006 0.0828265625 0.47603437499999995
1 0.5870890625 0.8125 0.58830625 0.82001875 0.5974421875 0.8280078124999999 0.6071859374999999 0.8176687499999999 0.6242390624999999 0.8167296875 0.6291109374999999 0.811090625 0.6437265625 0.8082703125 0.6516437500000001 0.8002812499999999 0.6455546875 0.7833640625 0.6376375000000001 0.7819546875000001 0.6291109374999999 0.7706765625 0.6193671875 0.7725562499999999 0.6071859374999999 0.7828953125 0.5925703125 0.7857140625000001 0.5870890625 0.7833640625 0.5676 0.7420109375 0.5688187499999999 0.72509375 0.5749093750000001 0.717575 0.5700359374999999 0.7100562499999999 0.573690625 0.6978390625 0.568209375 0.6945484375000001 0.563946875 0.6978390625 0.56211875 0.711465625 0.551765625 0.6875 0.5505484375 0.6593046874999999 0.5609015625 0.659775 0.5852625 0.6757515625 0.5925703125 0.6757515625 0.6132765625000001 0.6860906250000001 0.64738125 0.6889093749999999 0.6528625 0.6865593750000001 0.6504265625000001 0.6809203125 0.6181484375 0.6804515624999999 0.61023125 0.6668234375 0.588915625 0.659775 0.5834343750000001 0.6555453124999999 0.58404375 0.6503765625 0.57308125 0.6437968749999999 0.5560296874999999 0.6428578125 0.552375 0.6109015624999999 0.5481125 0.6123125 0.5505484375 0.6207703125 0.5444578124999999 0.6301687499999999 0.5493296875 0.6367484375 0.537759375 0.6503765625 0.5316687499999999 0.6494359375000001 0.5231421875 0.6400375 0.5158343750000001 0.640978125 0.5109625 0.6334593749999999 0.5036546875 0.6334593749999999 0.5024359375 0.6278203125 0.48660156250000003 0.6278203125 0.4914734375 0.6353390625 0.49756406249999996 0.63251875 0.5042625000000001 0.638628125 0.50548125 0.6470859375 0.5140078124999999 0.6555453124999999 0.49451875 0.6668234375 0.49208281249999997 0.6875 0.4738125 0.7062968749999999 0.4823390625 0.72509375 0.4811203125 0.741071875 0.4500609375 0.7669171875 0.4366625 0.7687968749999999 0.42569999999999997 0.7753765625 0.4086484375 0.7753765625 0.39768593750000003 0.7857140625000001 0.409865625 0.7904140625 0.4707671875 0.7716171875 0.49086406250000003 0.7514093749999999 0.49451875 0.741071875 0.5 0.7396609375 0.5225328124999999 0.7523500000000001 0.546284375 0.796053125 0.5572468749999999 0.798871875 0.5718640625 0.791353125 0.5852625 0.7904140625 0.5931796874999999 0.796521875 0.5870890625 0.8125
1 0.8861140625000001 0.2631578125 0.8946406250000001 0.25939843749999997 0.9324 0.2650375 0.9390984375 0.2617484375 0.9360531249999999 0.2556390625 0.900121875 0.24013125 0.8879421875 0.22791406250000001 0.8867234375 0.2166359375 0.873325 0.2081765625 0.8775890625 0.20488749999999997 0.8995124999999999 0.20394687500000003 0.836784375 0.195959375 0.8422656249999999 0.1842109375 0.85688125 0.1795109375 0.8678437499999999 0.1804515625 0.8757609375 0.17528125 0.872715625 0.16729375 0.788671875 0.1578953125 0.7758828125 0.13016875 0.7667484375 0.125940625 0.6802671874999999 0.116540625 0.674178125 0.116540625 0.6717421875 0.1231203125 0.6930578125 0.13768750000000002 0.7015828125 0.1546046875 0.7095 0.1607140625 0.7448234375 0.1719921875 0.767965625 0.17481249999999998 0.773446875 0.1856203125 0.8002437499999999 0.20253749999999998 0.8063343749999999 0.21569531249999999 0.8209500000000001 0.22791406250000001 0.8294765625 0.2420109375 0.8507921875 0.25657968750000004 0.8861140625000001 0.2631578125