1 0.9492484375 0.23081562500000002 0.9624062500000001 0.1979296875 0.9624062500000001 0.1857484375 0.9581765624999999 0.17905 0.9483078125000001 0.1833125 0.9483078125000001 0.199146875 0.9412593749999999 0.20219218749999998 0.9375 0.21315468750000002 0.9323312500000001 0.2137640625 0.9304515625 0.2356875 0.914003125 0.2643125 0.8980265624999999 0.267965625 0.8660718749999999 0.23264374999999998 0.858553125 0.23264374999999998 0.8552625 0.22472656249999998 0.8707703125 0.193665625 0.914003125 0.1717421875 0.9182328125 0.163825 0.914003125 0.15834375 0.8923875000000001 0.1595609375 0.8651312499999999 0.1449453125 0.8552625 0.15651718750000002 0.843984375 0.189403125 0.8153203124999999 0.231425 0.8035718749999999 0.2186359375 0.7969921875 0.1918390625 0.8233078125000001 0.15651718750000002 0.826128125 0.1419 0.8162593749999999 0.126675 0.8073312500000001 0.147990625 0.781484375 0.1717421875 0.7692671875 0.1656515625 0.7655078125 0.15347187499999998 0.7608078125 0.15834375 0.7593984375 0.14920781249999998 0.7481203125 0.1333734375 0.7368421875 0.127284375 0.73778125 0.11753906249999999 0.7518796875 0.0980515625 0.7490593750000001 0.0822171875 0.7528203125 0.060292187500000004 0.7495296875 0.052375000000000005 0.7274437500000001 0.089525 0.718515625 0.0962234375 0.7044171875 0.0876984375 0.7006578125 0.07308125 0.6828000000000001 0.0669921875 0.6771609375 0.0511578125 0.6677625 0.0487203125 0.651315625 0.0298421875 0.6480265625 0.0194890625 0.6254703125 0.0024359374999999997 0.5770671875 0.000609375 0.5878765625 0.0194890625 0.6226499999999999 0.046284375 0.6395671875 0.0706453125 0.6494359375000001 0.0773453125 0.6437968749999999 0.0822171875 0.6508453125 0.0828265625 0.656015625 0.089525 0.6644734375 0.11632187499999999 0.6729328125 0.12241093750000001 0.6766921875 0.1419 0.7119359375000001 0.1814859375 0.722275 0.18392187499999998 0.722275 0.19975625 0.7344921875 0.200975 0.7368421875 0.1833125 0.7476499999999999 0.17905 0.7457703125 0.172959375 0.7514093749999999 0.172959375 0.7509406249999999 0.179659375 0.7579890625 0.1814859375 0.7631578125 0.189403125 0.75986875 0.19975625 0.7434203125 0.20401875 0.75 0.2076734375 0.761278125 0.24664999999999998 0.7514093749999999 0.26187499999999997 0.7354328125 0.2667484375 0.7349625 0.24786875 0.722275 0.2399515625 0.723684375 0.2344703125 0.718515625 0.2277703125 0.7044171875 0.2277703125 0.6907890625 0.2344703125 0.703946875 0.242996875 0.7053578125 0.26187499999999997 0.717575 0.2643125 0.722275 0.2752734375 0.72979375 0.27040156249999997 0.734021875 0.274665625 0.7326125 0.2813640625 0.721334375 0.2813640625 0.717575 0.289890625 0.7062968749999999 0.2923265625 0.7025375 0.30450625 0.6936093750000001 0.3038984375 0.6907890625 0.32216875 0.6931390625 0.331303125 0.7203953125 0.3166875 0.72979375 0.30450625 0.7420109375 0.3069421875 0.782425 0.2825828125 0.783834375 0.26735625 0.7894734375 0.26492031250000003 0.7828953125 0.2576125 0.7828953125 0.2490859375 0.786184375 0.247259375 0.796521875 0.27162031249999996 0.8129703125000001 0.2795375 0.8153203124999999 0.29719843749999997 0.82001875 0.2911078125 0.828478125 0.2911078125 0.83975625 0.30450625 0.8449249999999999 0.3038984375 0.8392859375 0.31120625 0.843515625 0.31181562500000004 0.8482140625 0.321559375 0.8641921874999999 0.3191234375 0.8599625 0.336784375 0.8632515625 0.3434828125 0.8684203125 0.342875 0.8726499999999999 0.33252187499999997 0.8867484375 0.33982968750000003 0.8881578125 0.33069375 0.906015625 0.30998749999999997 0.909775 0.2978078125 0.9229328125 0.283190625 0.9257515625 0.2722296875 0.9464281250000001 0.2576125 0.9501875 0.2490859375 0.9492484375 0.23081562500000002
1 0.7434203125 0.2697921875 0.7457703125 0.27649218750000004 0.7495296875 0.2728375 0.7546999999999999 0.2807546875 0.7349625 0.28440937499999996 0.73778125 0.3075515625 0.7457703125 0.299634375 0.7504703125 0.3020703125 0.7645671875 0.29598125 0.7716171875 0.28562656249999996 0.765978125 0.2758828125 0.77020625 0.25335 0.7617484375 0.25335 0.758928125 0.2667484375 0.7532890625 0.26309375 0.7434203125 0.2697921875
1 0.49436093750000004 0.90073125 0.491071875 0.9086484374999999 0.48590156249999994 0.9104749999999999 0.484021875 0.9214375 0.49248125 0.9311812500000001 0.4868421875 0.9360531249999999 0.49295156249999994 0.9403171875 0.5225562499999999 0.94214375 0.5253765625 0.9372718750000001 0.5253765625 0.904384375 0.5225562499999999 0.8995124999999999 0.530075 0.8946406250000001 0.5178578125 0.8922046874999999 0.5225562499999999 0.8824609375 0.5216171875 0.8702796875000001 0.50986875 0.8550546875 0.5018796875 0.8605359375000001 0.49436093750000004 0.90073125
1 0.40977499999999994 0.46345937499999995 0.4003765625 0.46345937499999995 0.4055453125 0.4738125 0.396146875 0.4701578125 0.37547031249999996 0.49208281249999997 0.3519734375 0.5030453125000001 0.3331765625 0.520096875 0.32189843749999997 0.5188796875 0.3021609375 0.4957375 0.3045109375 0.5085265625 0.32236875 0.5292328125 0.31766875 0.5450671875 0.3242484375 0.5572468749999999 0.320959375 0.559075 0.3181390625 0.551765625 0.3143796875 0.55785625 0.3068609375 0.559075 0.288534375 0.5803890625 0.2951125 0.5852625 0.311090625 0.5694281250000001 0.31344062500000003 0.5602921875 0.3256578125 0.5602921875 0.3275375 0.5554203125 0.3416359375 0.551765625 0.34304531250000003 0.53045 0.3876875 0.5018265625 0.3942671875 0.4823390625 0.40883437499999997 0.478075 0.40977499999999994 0.46345937499999995
1 0.717575 0.099878125 0.7100562499999999 0.0937875 0.6931390625 0.0937875 0.7001875 0.089525 0.6954890625 0.0822171875 0.696428125 0.0761265625 0.6828000000000001 0.0755171875 0.671521875 0.0560296875 0.6621234375 0.052375000000000005 0.658834375 0.062728125 0.6503765625 0.0712546875 0.6578953125 0.0773453125 0.658834375 0.09561562500000001 0.6630640624999999 0.1023140625 0.673871875 0.1004875 0.6757515625 0.10901406250000001 0.6705828125 0.10718593750000001 0.66729375 0.11145000000000001 0.6705828125 0.1181484375 0.6813906249999999 0.11023125 0.6795109375 0.10170468749999999 0.6828000000000001 0.0986609375 0.6898500000000001 0.10170468749999999 0.6851499999999999 0.106578125 0.6907890625 0.11753906249999999 0.6898500000000001 0.1333734375 0.696428125 0.13215625 0.6898500000000001 0.1406828125 0.6898500000000001 0.15286249999999998 0.7030078125 0.1601703125 0.7058265625 0.127284375 0.7105265625 0.13215625 0.7091171875 0.1400734375 0.7269734375 0.1400734375 0.7293234375 0.11632187499999999 0.733553125 0.12058437500000001 0.73778125 0.1126671875 0.7359015624999999 0.09561562500000001 0.72979375 0.09135156250000001 0.717575 0.099878125
1 0.6343984375 0.3915953125 0.6311093750000001 0.384896875 0.640978125 0.3867234375 0.6343984375 0.3964671875 0.641446875 0.40316718749999997 0.656484375 0.40194843750000003 0.658834375 0.3842875 0.6719921875 0.36236250000000003 0.671053125 0.3514 0.6630640624999999 0.3459203125 0.6555453124999999 0.34835625000000003 0.6367484375 0.3581 0.6311093750000001 0.3666265625 0.5906953125000001 0.37393437500000004 0.578478125 0.3861140625 0.5399437500000001 0.40073125000000004 0.533834375 0.42204687500000004 0.5216171875 0.4439703125 0.5206765625 0.4561515625 0.5281953125000001 0.482946875 0.54229375 0.49512812500000003 0.5474625 0.48599218750000006 0.566259375 0.48599218750000006 0.5991546875 0.47259375 0.6043234375 0.44762500000000005 0.6005640624999999 0.4439703125 0.601503125 0.42935468749999994 0.609021875 0.42326406250000004 0.6118421875 0.409865625 0.6254703125 0.40438437499999996 0.6343984375 0.3915953125
1 0.39332656250000003 0.7405609375 0.41588281250000003 0.7356874999999999 0.4154140625 0.758221875 0.4078953125 0.7716203125 0.40507499999999996 0.7923265625 0.4083640625 0.8002437499999999 0.41259375 0.7984171875 0.4144734375 0.789890625 0.421053125 0.7838 0.421053125 0.767965625 0.43045156249999994 0.7362968750000001 0.438440625 0.7295984375 0.458646875 0.7277703125 0.45535781249999996 0.7222906250000001 0.43233125 0.716809375 0.43937968749999995 0.710109375 0.44313906249999996 0.7137640625 0.4506578125 0.710109375 0.4581765625 0.700365625 0.4628765625 0.7052375 0.46851562500000005 0.6869671875 0.484021875 0.6814859375 0.4746234375 0.6668703125000001 0.4793234375 0.6510359375 0.47509375 0.6406828124999999 0.46851562500000005 0.6540796875 0.45535781249999996 0.6528625 0.4492484375 0.6461625 0.45629687499999994 0.647990625 0.46146562500000005 0.641290625 0.4605265625 0.6352015625 0.4671046875 0.631546875 0.4656953125 0.6248484375000001 0.483553125 0.62119375 0.4844921875 0.6138859375 0.4920109375 0.6114499999999999 0.4873125 0.6004875000000001 0.4826125 0.6090140625 0.47603437499999995 0.5980515625 0.4666359375 0.606578125 0.4656953125 0.5980515625 0.4548875 0.59500625 0.45911718749999997 0.589525 0.46522500000000006 0.590134375 0.46146562500000005 0.5852625 0.4619359375 0.5773453125 0.45253750000000004 0.5773453125 0.4506578125 0.5870890625 0.436090625 0.590134375 0.4248125 0.6254562499999999 0.423871875 0.6449453125 0.43797031249999996 0.657125 0.44172968749999997 0.6766140625 0.4243421875 0.68453125 0.4083640625 0.711328125 0.4046046875 0.70645625 0.396146875 0.7076734375 0.3858078125 0.7125453125 0.37547031249999996 0.7295984375 0.35667343749999997 0.730815625 0.34633437499999997 0.7405609375 0.3303578125 0.7405609375 0.3298875 0.7521312499999999 0.31672968749999997 0.7716203125 0.313909375 0.788671875 0.3054515625 0.7971984375 0.30263125 0.841046875 0.311090625 0.8447015625000001 0.3204890625 0.8361750000000001 0.3157890625 0.8288671875 0.321428125 0.81546875 0.3251875 0.7874546875 0.328946875 0.8032890625 0.3331765625 0.8038984375 0.34116562500000003 0.7655296875000001 0.353853125 0.751521875 0.3782890625 0.7490859375000001 0.39332656250000003 0.7405609375
1 0.773496875 0.7338609375 0.776315625 0.7131546875 0.781015625 0.7119359375000001 0.778665625 0.7186359375 0.7866546875 0.716809375 0.79229375 0.7021921875 0.78524375 0.6930578125 0.7805453124999999 0.7015828125 0.7730265625 0.69549375 0.7678578125 0.69975625 0.7645671875 0.7295984375 0.7514093749999999 0.730815625 0.7485906250000001 0.721071875 0.7368421875 0.716809375 0.738721875 0.7034109374999999 0.7504703125 0.6979296875000001 0.7518796875 0.6900125 0.7373125 0.68453125 0.7218046874999999 0.6924484375 0.7208640625 0.7082828125 0.711465625 0.7119359375000001 0.7133453125 0.7289890625 0.7062968749999999 0.7295984375 0.7025375 0.7381249999999999 0.6931390625 0.741778125 0.6729328125 0.767965625 0.6940796875 0.7697921875 0.7062968749999999 0.7490859375000001 0.718515625 0.7478687500000001 0.726034375 0.7393421874999999 0.7344921875 0.7393421874999999 0.7373125 0.7332515625 0.7495296875 0.73690625 0.7528203125 0.747259375 0.7359015624999999 0.7521312499999999 0.7368421875 0.767965625 0.7269734375 0.7722296875 0.7194546875000001 0.7905 0.7105265625 0.79354375 0.69971875 0.82216875 0.691259375 0.8172953125 0.6870296875 0.80450625 0.673871875 0.788671875 0.6701125 0.769184375 0.6630640624999999 0.7576125 0.6517859374999999 0.7612671875 0.6433265625 0.774665625 0.6282890625 0.7783187500000001 0.621240625 0.767965625 0.6259406249999999 0.76309375 0.6198312500000001 0.762484375 0.616071875 0.751521875 0.60479375 0.7478687500000001 0.5944546875000001 0.732034375 0.5770671875 0.7289890625 0.5883453125 0.76309375 0.601503125 0.7704015625 0.6358078125 0.8331296874999999 0.6470859375 0.8392203125 0.6583640625 0.8319124999999999 0.671521875 0.8319124999999999 0.6865593750000001 0.8623625 0.7048875 0.8739343749999999 0.7067671875 0.8873328125000001 0.7142859374999999 0.8763703125 0.708646875 0.8702796875000001 0.7105265625 0.864190625 0.70770625 0.8593171875 0.7105265625 0.8288671875 0.7434203125 0.780146875 0.7453000000000001 0.7643125000000001 0.7495296875 0.7661390625 0.7593984375 0.747259375 0.773496875 0.7338609375
1 0.48590156249999994 0.9518875 0.47744375000000006 0.9336171875 0.47603437499999995 0.9171734375 0.46381562499999995 0.9244828125 0.45159843750000006 0.9439703125 0.44689843749999997 0.9451890625000001 0.43702968750000004 0.9433624999999999 0.436090625 0.9360531249999999 0.4295109375 0.9311812500000001 0.42716093749999995 0.9183921875 0.41588281250000003 0.9244828125 0.4121234375 0.9354453125 0.396146875 0.9366625000000001 0.388628125 0.9232640625 0.38251875 0.9202187500000001 0.383459375 0.915346875 0.37734999999999996 0.9147375 0.3717109375 0.90499375 0.35479375 0.9013390625 0.34962343749999997 0.8848968749999999 0.34304531250000003 0.8800250000000001 0.343984375 0.8751515624999999 0.3369359375 0.8721078125 0.3392859375 0.88976875 0.336465625 0.8982953124999999 0.340225 0.9104749999999999 0.3303578125 0.9147375 0.3256578125 0.922046875 0.32236875 0.88976875 0.3270671875 0.8678437499999999 0.32236875 0.85688125 0.326128125 0.853228125 0.32189843749999997 0.8538375 0.320959375 0.8599265624999999 0.3125 0.8599265624999999 0.28712343749999997 0.8404390625 0.27819531249999996 0.8434828124999999 0.2744359375 0.8812421875 0.27725625 0.90073125 0.268796875 0.904384375 0.2866546875 0.9360531249999999 0.2866546875 0.9518875 0.28007499999999996 0.9786843749999999 0.28524375 0.9975640625000001 0.2894734375 0.9969546875 0.2894734375 0.9762484375 0.2946421875 0.9658953125 0.31344062500000003 0.974421875 0.32189843749999997 0.9975640625000001 0.34257499999999996 0.9963453124999999 0.34680468750000004 0.9884281250000001 0.3421046875 0.9652859375 0.33740625 0.9616328125000001 0.3355265625 0.9336171875 0.34069531249999996 0.9269187499999999 0.35667343749999997 0.9293546875 0.36513125 0.922046875 0.3717109375 0.9244828125 0.3768796875 0.9384890625000001 0.4008453125 0.9646765625 0.42998125 0.9756390625 0.436559375 0.9963453124999999 0.4558265625 0.9981734375 0.47133437499999997 0.9780749999999999 0.4873125 0.96833125 0.5018796875 0.9713765625 0.496240625 0.9799031250000001 0.49765 0.9975640625000001 0.5046999999999999 0.9811203125000001 0.5065796875 0.9628500000000001 0.5023500000000001 0.962240625 0.5004703125 0.9549328125000001 0.48590156249999994 0.9518875
1 0.7904140625 0.41473750000000004 0.796521875 0.4068203125 0.8125 0.41291093749999996 0.82001875 0.41169374999999997 0.8280078124999999 0.4025578125 0.8176687499999999 0.3928140625 0.8167296875 0.3757609375 0.811090625 0.3708890625 0.8082703125 0.35627343749999996 0.8002812499999999 0.34835625000000003 0.7833640625 0.3544453125 0.7819546875000001 0.36236250000000003 0.7706765625 0.3708890625 0.7725562499999999 0.3806328125 0.7828953125 0.3928140625 0.7857140625000001 0.40742968749999997 0.7833640625 0.41291093749999996 0.7420109375 0.4324 0.72509375 0.43118125 0.717575 0.425090625 0.7100562499999999 0.4299640625 0.6978390625 0.42630937500000005 0.6945484375000001 0.431790625 0.6978390625 0.43605312500000004 0.711465625 0.43788125000000006 0.6875 0.448234375 0.6593046874999999 0.4494515625 0.659775 0.43909843750000005 0.6757515625 0.41473750000000004 0.6757515625 0.40742968749999997 0.6860906250000001 0.3867234375 0.6889093749999999 0.35261875 0.6865593750000001 0.3471375 0.6809203125 0.34957343750000003 0.6804515624999999 0.38185156249999996 0.6668234375 0.38976875 0.659775 0.411084375 0.6555453124999999 0.41656562499999994 0.6503765625 0.41595624999999997 0.6437968749999999 0.42691875 0.6428578125 0.4439703125 0.6109015624999999 0.44762500000000005 0.6123125 0.45188750000000005 0.6207703125 0.4494515625 0.6301687499999999 0.45554218750000003 0.6367484375 0.45067031249999995 0.6503765625 0.462240625 0.6494359375000001 0.46833125000000003 0.6400375 0.47685781250000003 0.640978125 0.484165625 0.6334593749999999 0.48903749999999996 0.6334593749999999 0.4963453125 0.6278203125 0.49756406249999996 0.6278203125 0.5133984375 0.6353390625 0.5085265625 0.63251875 0.5024359375 0.638628125 0.4957375 0.6470859375 0.49451875 0.6555453124999999 0.48599218750000006 0.6668234375 0.50548125 0.6875 0.5079171875 0.7062968749999999 0.5261875 0.72509375 0.5176609375 0.741071875 0.5188796875 0.7669171875 0.5499390625 0.7687968749999999 0.5633375 0.7753765625 0.5743 0.7753765625 0.5913515625 0.7857140625000001 0.6023140625 0.7904140625 0.590134375 0.7716171875 0.5292328125 0.7514093749999999 0.5091359375 0.741071875 0.50548125 0.7396609375 0.5 0.7523500000000001 0.4774671875 0.796053125 0.45371562499999996 0.798871875 0.442753125 0.791353125 0.4281359375 0.7904140625 0.41473750000000004
1 0.2420109375 0.1705234375 0.25657968750000004 0.14920781249999998 0.2631578125 0.1138859375 0.25939843749999997 0.105359375 0.2650375 0.06760000000000001 0.2617484375 0.06090156249999999 0.2556390625 0.063946875 0.24013125 0.099878125 0.22791406250000001 0.11205781249999999 0.2166359375 0.1132765625 0.2081765625 0.126675 0.20488749999999997 0.12241093750000001 0.20394687500000003 0.1004875 0.195959375 0.163215625 0.1842109375 0.157734375 0.1795109375 0.14311875000000002 0.1804515625 0.13215625 0.17528125 0.12423906250000001 0.16729375 0.127284375 0.1578953125 0.211328125 0.13016875 0.2241171875 0.125940625 0.2332515625 0.116540625 0.31973281249999996 0.116540625 0.32582187500000004 0.1231203125 0.3282578125 0.13768750000000002 0.3069421875 0.1546046875 0.2984171875 0.1607140625 0.2905 0.1719921875 0.2551765625 0.17481249999999998 0.23203437500000001 0.1856203125 0.226553125 0.20253749999999998 0.19975625 0.21569531249999999 0.193665625 0.22791406250000001 0.17905 0.2420109375 0.1705234375